0 0.220606060606061 0.165529010238908 0.0727272727272727 0.0955631399317406
0 0.346666666666667 0.0588737201365188 0.0896969696969697 0.114334470989761
0 0.44 0.0921501706484642 0.0703030303030303 0.0921501706484642
0 0.527272727272727 0.174914675767918 0.0727272727272727 0.0938566552901024
0 0.615151515151515 0.103242320819113 0.0739393939393939 0.0972696245733788
0 0.683030303030303 0.191126279863481 0.0715151515151515 0.0955631399317406
0 0.793939393939394 0.17320819112628 0.0775757575757576 0.0938566552901024
0 0.343636363636364 0.25938566552901 0.127272727272727 0.150170648464164
0 0.464242424242424 0.242320819112628 0.0654545454545455 0.0955631399317406
0 0.607272727272727 0.273037542662116 0.0678787878787879 0.0955631399317406
0 0.463030303030303 0.344709897610922 0.0654545454545455 0.0921501706484642
0 0.539393939393939 0.33617747440273 0.0727272727272727 0.0955631399317406
0 0.629090909090909 0.395904436860068 0.0678787878787879 0.0989761092150171
0 0.700606060606061 0.314846416382253 0.0775757575757576 0.100682593856655
0 0.801818181818182 0.407849829351536 0.0933333333333333 0.116040955631399
0 0.667878787878788 0.506825938566553 0.0921212121212121 0.109215017064846
0 0.81030303030303 0.541808873720137 0.0933333333333333 0.12457337883959
0 0.563636363636364 0.483788395904437 0.0751515151515152 0.107508532423208
0 0.472121212121212 0.464163822525597 0.0690909090909091 0.0921501706484642
0 0.392121212121212 0.431740614334471 0.0860606060606061 0.112627986348123
0 0.253333333333333 0.392491467576792 0.0703030303030303 0.0955631399317406
0 0.16969696969697 0.483788395904437 0.0775757575757576 0.0938566552901024
0 0.326060606060606 0.563139931740614 0.101818181818182 0.129692832764505
0 0.43030303030303 0.58617747440273 0.0872727272727273 0.100682593856655
0 0.53030303030303 0.59641638225256 0.0739393939393939 0.0972696245733788
0 0.644242424242424 0.630546075085324 0.0763636363636364 0.100682593856655
0 0.726060606060606 0.705631399317406 0.0703030303030303 0.100682593856655
0 0.690909090909091 0.813993174061433 0.0751515151515152 0.109215017064846
0 0.598787878787879 0.776450511945393 0.0678787878787879 0.0989761092150171
0 0.500606060606061 0.74061433447099 0.0703030303030303 0.0887372013651877
0 0.52 0.876279863481229 0.0727272727272727 0.100682593856655
0 0.424848484848485 0.831058020477816 0.0715151515151515 0.102389078498294
0 0.368484848484848 0.715870307167236 0.0703030303030303 0.104095563139932
0 0.332727272727273 0.861774744027304 0.0981818181818182 0.122866894197952
0 0.246060606060606 0.790955631399317 0.0654545454545455 0.0972696245733788
0 0.278181818181818 0.664675767918089 0.0715151515151515 0.0972696245733788
0 0.180606060606061 0.611774744027304 0.0775757575757576 0.104095563139932