0 0.217575757575758 0.160409556313993 0.0715151515151515 0.102389078498294
0 0.34969696969697 0.0580204778156997 0.0981818181818182 0.116040955631399
0 0.441818181818182 0.0878839590443686 0.0666666666666667 0.104095563139932
0 0.52969696969697 0.174061433447099 0.0824242424242424 0.0989761092150171
0 0.617575757575758 0.10580204778157 0.0739393939393939 0.109215017064846
0 0.683030303030303 0.193686006825939 0.0739393939393939 0.100682593856655
0 0.798181818181818 0.174914675767918 0.0812121212121212 0.100682593856655
0 0.341818181818182 0.260238907849829 0.128484848484848 0.162116040955631
0 0.461818181818182 0.238907849829352 0.0727272727272727 0.0989761092150171
0 0.463030303030303 0.343856655290102 0.0654545454545455 0.0938566552901024
0 0.54 0.33703071672355 0.0690909090909091 0.0972696245733788
0 0.611515151515152 0.277303754266212 0.0715151515151515 0.0938566552901024
0 0.703636363636364 0.313139931740614 0.0812121212121212 0.100682593856655
0 0.63030303030303 0.390784982935154 0.0775757575757576 0.0955631399317406
0 0.805454545454545 0.404436860068259 0.0884848484848485 0.119453924914676
0 0.255757575757576 0.39419795221843 0.0751515151515152 0.10580204778157
0 0.38969696969697 0.426621160409556 0.0836363636363636 0.116040955631399
0 0.475151515151515 0.465870307167235 0.0703030303030303 0.102389078498294
0 0.565454545454545 0.486348122866894 0.0763636363636364 0.116040955631399
0 0.664242424242424 0.507679180887372 0.0824242424242424 0.121160409556314
0 0.81030303030303 0.542662116040956 0.0884848484848485 0.126279863481229
0 0.172121212121212 0.489761092150171 0.0727272727272727 0.0989761092150171
0 0.32969696969697 0.555460750853242 0.0993939393939394 0.13481228668942
0 0.42969696969697 0.583617747440273 0.0836363636363636 0.112627986348123
0 0.532121212121212 0.593856655290102 0.0775757575757576 0.0921501706484642
0 0.641818181818182 0.627133105802048 0.0739393939393939 0.104095563139932
0 0.723030303030303 0.70221843003413 0.0739393939393939 0.104095563139932
0 0.690909090909091 0.806313993174061 0.0727272727272727 0.0972696245733788
0 0.602424242424242 0.777303754266212 0.0703030303030303 0.100682593856655
0 0.499393939393939 0.738054607508532 0.0703030303030303 0.100682593856655
0 0.37030303030303 0.717576791808874 0.0642424242424242 0.0972696245733788
0 0.281212121212121 0.664675767918089 0.0654545454545455 0.0938566552901024
0 0.178787878787879 0.618600682593857 0.0690909090909091 0.0938566552901024
0 0.243636363636364 0.795221843003413 0.0678787878787879 0.0989761092150171
0 0.327878787878788 0.860921501706485 0.0909090909090909 0.127986348122867
0 0.425454545454545 0.83617747440273 0.0654545454545455 0.0921501706484642
0 0.512121212121212 0.866040955631399 0.0715151515151515 0.0972696245733788