0 0.22 0.167235494880546 0.0690909090909091 0.0955631399317406
0 0.345454545454545 0.0597269624573379 0.0945454545454545 0.119453924914676
0 0.443030303030303 0.0887372013651877 0.0739393939393939 0.0989761092150171
0 0.526060606060606 0.172354948805461 0.0751515151515152 0.102389078498294
0 0.616969696969697 0.101535836177474 0.0896969696969697 0.107508532423208
0 0.687272727272727 0.193686006825939 0.08 0.0938566552901024
0 0.798181818181818 0.174061433447099 0.0715151515151515 0.0921501706484642
0 0.337575757575758 0.266211604095563 0.124848484848485 0.15358361774744
0 0.464848484848485 0.242320819112628 0.0690909090909091 0.0887372013651877
0 0.61030303030303 0.275597269624573 0.0715151515151515 0.0938566552901024
0 0.701212121212121 0.313139931740614 0.0763636363636364 0.100682593856655
0 0.464848484848485 0.345563139931741 0.0690909090909091 0.0938566552901024
0 0.54 0.333617747440273 0.0690909090909091 0.0972696245733788
0 0.631515151515151 0.390784982935154 0.0751515151515152 0.10580204778157
0 0.801818181818182 0.402730375426621 0.0909090909090909 0.122866894197952
0 0.252727272727273 0.39419795221843 0.0763636363636364 0.0989761092150171
0 0.38969696969697 0.431740614334471 0.0836363636363636 0.116040955631399
0 0.469090909090909 0.460750853242321 0.0678787878787879 0.10580204778157
0 0.562424242424242 0.485494880546075 0.0848484848484849 0.117747440273038
0 0.667878787878788 0.500853242320819 0.0775757575757576 0.104095563139932
0 0.809090909090909 0.541808873720137 0.0860606060606061 0.131399317406143
0 0.173939393939394 0.495733788395904 0.0739393939393939 0.100682593856655
0 0.327878787878788 0.555460750853242 0.0981818181818182 0.141638225255973
0 0.42969696969697 0.582764505119454 0.0812121212121212 0.117747440273038
0 0.529090909090909 0.598122866894198 0.0690909090909091 0.100682593856655
0 0.644242424242424 0.633959044368601 0.0690909090909091 0.104095563139932
0 0.741818181818182 0.71160409556314 0.0727272727272727 0.102389078498294
0 0.181818181818182 0.620307167235495 0.0678787878787879 0.100682593856655
0 0.277575757575758 0.662969283276451 0.0751515151515152 0.107508532423208
0 0.366666666666667 0.718430034129693 0.0715151515151515 0.0989761092150171
0 0.501818181818182 0.744880546075085 0.08 0.104095563139932
0 0.599393939393939 0.775597269624573 0.0715151515151515 0.0938566552901024
0 0.694545454545455 0.805460750853242 0.0678787878787879 0.0989761092150171
0 0.242424242424242 0.792662116040956 0.0654545454545455 0.0972696245733788
0 0.329090909090909 0.854948805460751 0.0909090909090909 0.126279863481229
0 0.423636363636364 0.829351535836177 0.0715151515151515 0.0887372013651877
0 0.514545454545455 0.866894197952218 0.0763636363636364 0.0955631399317406