0 0.319393939393939 0.254266211604096 0.0690909090909091 0.0921501706484642
0 0.377575757575758 0.185153583617747 0.0836363636363636 0.107508532423208
0 0.463030303030303 0.168941979522184 0.08 0.109215017064846
0 0.561212121212121 0.138225255972696 0.0703030303030303 0.0955631399317406
0 0.678787878787879 0.14419795221843 0.0654545454545455 0.0870307167235495
0 0.604848484848485 0.235494880546075 0.0727272727272727 0.0887372013651877
0 0.712727272727273 0.354948805460751 0.0678787878787879 0.0853242320819113
0 0.640606060606061 0.404436860068259 0.0739393939393939 0.0989761092150171
0 0.523030303030303 0.354948805460751 0.0666666666666667 0.0955631399317406
0 0.366060606060606 0.410409556313993 0.0678787878787879 0.083617747440273
0 0.285454545454545 0.400170648464164 0.0763636363636364 0.100682593856655
0 0.282424242424242 0.666382252559727 0.0993939393939394 0.121160409556314
0 0.424242424242424 0.587883959044369 0.0678787878787879 0.0870307167235495
0 0.544848484848485 0.531569965870307 0.0715151515151515 0.0904436860068259
0 0.650909090909091 0.639931740614334 0.0727272727272727 0.0921501706484642
0 0.533939393939394 0.668941979522184 0.0690909090909091 0.0955631399317406
0 0.464242424242424 0.766211604095563 0.0727272727272727 0.0921501706484642
0 0.811515151515152 0.799488054607508 0.0763636363636364 0.0938566552901024