0 0.318787878787879 0.252559726962457 0.0727272727272727 0.0955631399317406
0 0.377575757575758 0.184300341296928 0.0812121212121212 0.0989761092150171
0 0.466060606060606 0.167235494880546 0.0836363636363636 0.112627986348123
0 0.558787878787879 0.129692832764505 0.0703030303030303 0.0989761092150171
0 0.682424242424242 0.143344709897611 0.0703030303030303 0.0955631399317406
0 0.606060606060606 0.237201365187713 0.0751515151515152 0.0955631399317406
0 0.282424242424242 0.397610921501707 0.0751515151515152 0.0921501706484642
0 0.364242424242424 0.407849829351536 0.0715151515151515 0.0989761092150171
0 0.526666666666667 0.353242320819113 0.0739393939393939 0.0955631399317406
0 0.634545454545455 0.398464163822526 0.0642424242424242 0.100682593856655
0 0.712121212121212 0.348976109215017 0.0666666666666667 0.0904436860068259
0 0.283636363636364 0.667235494880546 0.0921212121212121 0.119453924914676
0 0.425454545454545 0.58617747440273 0.0727272727272727 0.0972696245733788
0 0.546060606060606 0.52901023890785 0.0739393939393939 0.0921501706484642
0 0.533333333333333 0.668088737201365 0.0727272727272727 0.0938566552901024
0 0.653333333333333 0.639931740614334 0.0751515151515152 0.0955631399317406
0 0.466666666666667 0.770477815699659 0.0678787878787879 0.0870307167235495
0 0.810909090909091 0.791808873720137 0.0751515151515152 0.0955631399317406