0 0.377575757575758 0.179180887372014 0.0836363636363636 0.10580204778157
0 0.465454545454545 0.169795221843003 0.0848484848484849 0.110921501706485
0 0.561818181818182 0.133105802047782 0.0739393939393939 0.102389078498294
0 0.683030303030303 0.145051194539249 0.0739393939393939 0.0989761092150171
0 0.608484848484849 0.239761092150171 0.0751515151515152 0.0904436860068259
0 0.712727272727273 0.348976109215017 0.0751515151515152 0.107508532423208
0 0.281818181818182 0.395051194539249 0.0739393939393939 0.0870307167235495
0 0.366666666666667 0.407849829351536 0.0715151515151515 0.0955631399317406
0 0.524242424242424 0.351535836177474 0.0739393939393939 0.0955631399317406
0 0.638181818181818 0.401023890784983 0.0763636363636364 0.0989761092150171
0 0.427272727272727 0.585324232081911 0.0763636363636364 0.0887372013651877
0 0.546666666666667 0.532423208191126 0.0727272727272727 0.0887372013651877
0 0.286060606060606 0.668088737201365 0.0993939393939394 0.12457337883959
0 0.534545454545455 0.667235494880546 0.0703030303030303 0.0887372013651877
0 0.653939393939394 0.639931740614334 0.0763636363636364 0.0921501706484642
0 0.464242424242424 0.764505119453925 0.0751515151515152 0.10580204778157
0 0.811515151515152 0.79778156996587 0.0739393939393939 0.0938566552901024