0 0.225454545454545 0.325085324232082 0.0775757575757576 0.104095563139932
0 0.337575757575758 0.216723549488055 0.0739393939393939 0.102389078498294
0 0.541818181818182 0.186006825938567 0.0751515151515152 0.0989761092150171
0 0.574545454545455 0.28839590443686 0.0775757575757576 0.0955631399317406
0 0.769090909090909 0.180887372013652 0.0787878787878788 0.109215017064846
0 0.722424242424242 0.381399317406143 0.0775757575757576 0.100682593856655
0 0.202424242424242 0.524744027303754 0.0848484848484849 0.107508532423208
0 0.428484848484848 0.534129692832764 0.0812121212121212 0.0989761092150171
0 0.547272727272727 0.486348122866894 0.100606060606061 0.122866894197952
0 0.534545454545455 0.62457337883959 0.0945454545454545 0.129692832764505
0 0.735757575757576 0.564846416382253 0.0678787878787879 0.109215017064846
0 0.878181818181818 0.477815699658703 0.0860606060606061 0.109215017064846
0 0.723030303030303 0.715870307167236 0.117575757575758 0.162116040955631
0 0.103636363636364 0.807167235494881 0.0642424242424242 0.0784982935153584
0 0.185454545454545 0.959044368600683 0.0775757575757576 0.0853242320819113
0 0.328484848484848 0.860921501706485 0.0848484848484849 0.107508532423208