0 0.226060606060606 0.32679180887372 0.0787878787878788 0.100682593856655
0 0.335151515151515 0.216723549488055 0.0836363636363636 0.102389078498294
0 0.54 0.184300341296928 0.0763636363636364 0.0955631399317406
0 0.575757575757576 0.28839590443686 0.0727272727272727 0.102389078498294
0 0.767878787878788 0.185153583617747 0.0812121212121212 0.104095563139932
0 0.723030303030303 0.386518771331058 0.0884848484848485 0.104095563139932
0 0.875151515151515 0.474402730375427 0.08 0.109215017064846
0 0.202424242424242 0.525597269624573 0.08 0.0955631399317406
0 0.423636363636364 0.533276450511945 0.0787878787878788 0.100682593856655
0 0.541212121212121 0.484641638225256 0.103030303030303 0.112627986348123
0 0.735151515151515 0.569112627986348 0.0933333333333333 0.104095563139932
0 0.527878787878788 0.622866894197952 0.103030303030303 0.122866894197952
0 0.723636363636364 0.723549488054608 0.123636363636364 0.160409556313993
0 0.0993939393939394 0.804607508532423 0.0606060606060606 0.083617747440273
0 0.184242424242424 0.97098976109215 0.0824242424242424 0.109215017064846
0 0.323636363636364 0.860921501706485 0.0872727272727273 0.100682593856655