0 0.224848484848485 0.327645051194539 0.0739393939393939 0.109215017064846
0 0.336969696969697 0.215870307167235 0.0872727272727273 0.110921501706485
0 0.542424242424242 0.183447098976109 0.0812121212121212 0.0972696245733788
0 0.574545454545455 0.281569965870307 0.0824242424242424 0.10580204778157
0 0.766666666666667 0.183447098976109 0.0860606060606061 0.110921501706485
0 0.724242424242424 0.386518771331058 0.0812121212121212 0.0938566552901024
0 0.876969696969697 0.48037542662116 0.0812121212121212 0.114334470989761
0 0.731515151515152 0.56740614334471 0.0812121212121212 0.110921501706485
0 0.721818181818182 0.721843003412969 0.127272727272727 0.16382252559727
0 0.541212121212121 0.48122866894198 0.105454545454545 0.126279863481229
0 0.534545454545455 0.622866894197952 0.101818181818182 0.139931740614334
0 0.424848484848485 0.533276450511945 0.0860606060606061 0.114334470989761
0 0.201212121212121 0.523037542662116 0.0824242424242424 0.100682593856655
0 0.101818181818182 0.802901023890785 0.0703030303030303 0.0972696245733788
0 0.324848484848485 0.858361774744027 0.0848484848484849 0.0989761092150171
0 0.183030303030303 0.958191126279863 0.0775757575757576 0.0938566552901024