0 0.226666666666667 0.377133105802048 0.0775757575757576 0.109215017064846
0 0.343030303030303 0.275597269624573 0.0727272727272727 0.0972696245733788
0 0.545454545454545 0.238907849829352 0.0703030303030303 0.0921501706484642
0 0.575151515151515 0.341296928327645 0.0763636363636364 0.10580204778157
0 0.770909090909091 0.247440273037543 0.08 0.102389078498294
0 0.727272727272727 0.437713310580205 0.0848484848484849 0.0972696245733788
0 0.877575757575758 0.525597269624573 0.0751515151515152 0.0955631399317406
0 0.734545454545455 0.610068259385666 0.0751515151515152 0.0938566552901024
0 0.463030303030303 0.532423208191126 0.0848484848484849 0.0955631399317406
0 0.206666666666667 0.569112627986348 0.0836363636363636 0.104095563139932
0 0.724848484848485 0.760238907849829 0.126060606060606 0.148464163822526
0 0.104848484848485 0.838737201365188 0.0642424242424242 0.0767918088737201