0 0.133939393939394 0.179180887372014 0.0836363636363636 0.102389078498294
0 0.0987878787878788 0.26877133105802 0.0787878787878788 0.0972696245733788
0 0.339393939393939 0.184300341296928 0.0848484848484849 0.0955631399317406
0 0.546060606060606 0.152730375426621 0.0763636363636364 0.0938566552901024
0 0.57030303030303 0.249146757679181 0.0787878787878788 0.0989761092150171
0 0.765454545454546 0.150170648464164 0.0787878787878788 0.10580204778157
0 0.827272727272727 0.280716723549488 0.0763636363636364 0.107508532423208
0 0.938787878787879 0.324232081911263 0.0836363636363636 0.109215017064846
0 0.952727272727273 0.473549488054608 0.0896969696969697 0.107508532423208
0 0.533939393939394 0.48037542662116 0.0836363636363636 0.110921501706485
0 0.426666666666667 0.437713310580205 0.0945454545454545 0.107508532423208
0 0.376363636363636 0.566552901023891 0.0884848484848485 0.112627986348123
0 0.495757575757576 0.641638225255973 0.0921212121212121 0.116040955631399
0 0.846666666666667 0.8080204778157 0.122424242424242 0.158703071672355