0 0.129090909090909 0.178327645051195 0.0787878787878788 0.100682593856655
0 0.0975757575757576 0.266211604095563 0.0715151515151515 0.10580204778157
0 0.335757575757576 0.184300341296928 0.0751515151515152 0.0887372013651877
0 0.544242424242424 0.145904436860068 0.0727272727272727 0.0972696245733788
0 0.575757575757576 0.251706484641638 0.0727272727272727 0.0972696245733788
0 0.764848484848485 0.149317406143345 0.0775757575757576 0.104095563139932
0 0.82969696969697 0.283276450511945 0.0690909090909091 0.0989761092150171
0 0.937575757575758 0.320819112627986 0.0836363636363636 0.119453924914676
0 0.953939393939394 0.473549488054608 0.0848484848484849 0.107508532423208
0 0.534545454545455 0.479522184300341 0.0848484848484849 0.10580204778157
0 0.427272727272727 0.437713310580205 0.0860606060606061 0.110921501706485
0 0.38 0.568259385665529 0.0884848484848485 0.116040955631399
0 0.490909090909091 0.637372013651877 0.0872727272727273 0.117747440273038
0 0.844242424242424 0.8080204778157 0.132121212121212 0.155290102389079