0 0.12969696969697 0.179180887372014 0.0775757575757576 0.102389078498294
0 0.0951515151515152 0.267918088737201 0.0763636363636364 0.102389078498294
0 0.34 0.186006825938567 0.0812121212121212 0.0955631399317406
0 0.539393939393939 0.150170648464164 0.0727272727272727 0.0921501706484642
0 0.575757575757576 0.256825938566553 0.0751515151515152 0.110921501706485
0 0.766666666666667 0.152730375426621 0.0836363636363636 0.100682593856655
0 0.824848484848485 0.279863481228669 0.0860606060606061 0.109215017064846
0 0.939393939393939 0.320819112627986 0.0824242424242424 0.119453924914676
0 0.956969696969697 0.472696245733788 0.0787878787878788 0.109215017064846
0 0.422424242424242 0.434300341296928 0.0884848484848485 0.104095563139932
0 0.535151515151515 0.478668941979522 0.0909090909090909 0.121160409556314
0 0.378181818181818 0.564846416382253 0.0848484848484849 0.119453924914676
0 0.493333333333333 0.635665529010239 0.096969696969697 0.13481228668942
0 0.843030303030303 0.807167235494881 0.12 0.16382252559727