0 0.235151515151515 0.171501706484642 0.0751515151515152 0.110921501706485
0 0.225454545454545 0.313993174061433 0.0654545454545455 0.0921501706484642
0 0.347878787878788 0.302901023890785 0.111515151515152 0.148464163822526
0 0.260606060606061 0.436860068259386 0.0727272727272727 0.102389078498294
0 0.170909090909091 0.52901023890785 0.0751515151515152 0.0989761092150171
0 0.395757575757576 0.47098976109215 0.0860606060606061 0.10580204778157
0 0.335757575757576 0.585324232081911 0.104242424242424 0.129692832764505
0 0.22 0.680887372013652 0.0884848484848485 0.129692832764505
0 0.271515151515151 0.77901023890785 0.0678787878787879 0.0904436860068259
0 0.18 0.853242320819113 0.0666666666666667 0.0921501706484642
0 0.35030303030303 0.734641638225256 0.0751515151515152 0.0938566552901024
0 0.349090909090909 0.867747440273038 0.0993939393939394 0.12457337883959
0 0.458181818181818 0.28839590443686 0.0703030303030303 0.0921501706484642
0 0.470909090909091 0.376279863481229 0.0666666666666667 0.0904436860068259
0 0.472727272727273 0.504266211604096 0.0727272727272727 0.0870307167235495
0 0.438181818181818 0.611774744027304 0.0812121212121212 0.117747440273038
0 0.496969696969697 0.203071672354949 0.0654545454545455 0.0989761092150171
0 0.527272727272727 0.302047781569966 0.0654545454545455 0.0853242320819113
0 0.543636363636364 0.406143344709898 0.0787878787878788 0.10580204778157
0 0.537575757575758 0.54778156996587 0.0690909090909091 0.0955631399317406
0 0.533939393939394 0.676621160409556 0.0666666666666667 0.0972696245733788
0 0.56969696969697 0.895051194539249 0.0678787878787879 0.100682593856655
0 0.676969696969697 0.912116040955631 0.0642424242424242 0.0904436860068259
0 0.606060606060606 0.603242320819113 0.0727272727272727 0.114334470989761
0 0.603030303030303 0.465017064846416 0.0690909090909091 0.0870307167235495
0 0.613333333333333 0.338737201365188 0.0654545454545455 0.110921501706485
0 0.595151515151515 0.203071672354949 0.0678787878787879 0.109215017064846
0 0.685454545454545 0.250853242320819 0.0715151515151515 0.0989761092150171
0 0.696363636363636 0.377986348122867 0.0763636363636364 0.114334470989761
0 0.76 0.46160409556314 0.0751515151515152 0.0972696245733788
0 0.683030303030303 0.518771331058021 0.0642424242424242 0.0853242320819113
0 0.678787878787879 0.641638225255973 0.0654545454545455 0.0989761092150171
0 0.750909090909091 0.583617747440273 0.100606060606061 0.109215017064846
0 0.79030303030303 0.716723549488055 0.0606060606060606 0.10580204778157