0 0.227878787878788 0.412116040955631 0.0824242424242424 0.104095563139932
0 0.223030303030303 0.622013651877133 0.0848484848484849 0.121160409556314
0 0.342424242424242 0.301194539249147 0.0787878787878788 0.110921501706485
0 0.368484848484848 0.546928327645051 0.0872727272727273 0.117747440273038
0 0.386060606060606 0.708191126279863 0.0860606060606061 0.116040955631399
0 0.538787878787879 0.262798634812287 0.0787878787878788 0.0989761092150171
0 0.575151515151515 0.369453924914676 0.0787878787878788 0.100682593856655
0 0.528484848484848 0.553754266211604 0.0872727272727273 0.114334470989761
0 0.547272727272727 0.738054607508532 0.0884848484848485 0.121160409556314
0 0.767878787878788 0.267918088737201 0.0836363636363636 0.102389078498294
0 0.723030303030303 0.471843003412969 0.0715151515151515 0.114334470989761
0 0.733333333333333 0.648464163822526 0.0703030303030303 0.109215017064846
0 0.719393939393939 0.802047781569966 0.141818181818182 0.174061433447099
0 0.877575757575758 0.554607508532423 0.0896969696969697 0.109215017064846