0 0.335151515151515 0.296075085324232 0.0787878787878788 0.110921501706485
0 0.226666666666667 0.404436860068259 0.0824242424242424 0.112627986348123
0 0.220606060606061 0.617747440273038 0.0872727272727273 0.119453924914676
0 0.104848484848485 0.872013651877133 0.0836363636363636 0.102389078498294
0 0.364242424242424 0.542662116040956 0.0763636363636364 0.116040955631399
0 0.39030303030303 0.704778156996587 0.0921212121212121 0.126279863481229
0 0.543030303030303 0.26962457337884 0.0872727272727273 0.10580204778157
0 0.578181818181818 0.370307167235495 0.0727272727272727 0.119453924914676
0 0.526666666666667 0.543515358361775 0.0787878787878788 0.114334470989761
0 0.55030303030303 0.74061433447099 0.0921212121212121 0.119453924914676
0 0.764848484848485 0.266211604095563 0.0896969696969697 0.0989761092150171
0 0.726060606060606 0.469283276450512 0.0872727272727273 0.10580204778157
0 0.732727272727273 0.64419795221843 0.0933333333333333 0.107508532423208
0 0.880606060606061 0.555460750853242 0.0884848484848485 0.104095563139932
0 0.722424242424242 0.803754266211604 0.130909090909091 0.150170648464164