0 0.339393939393939 0.296928327645051 0.0896969696969697 0.102389078498294
0 0.227878787878788 0.410409556313993 0.08 0.107508532423208
0 0.222424242424242 0.61518771331058 0.0812121212121212 0.114334470989761
0 0.368484848484848 0.540955631399317 0.0896969696969697 0.112627986348123
0 0.389090909090909 0.695392491467577 0.096969696969697 0.110921501706485
0 0.541212121212121 0.263651877133106 0.0860606060606061 0.0938566552901024
0 0.574545454545455 0.36518771331058 0.0824242424242424 0.102389078498294
0 0.527272727272727 0.554607508532423 0.0872727272727273 0.116040955631399
0 0.550909090909091 0.736348122866894 0.0957575757575758 0.117747440273038
0 0.772121212121212 0.260238907849829 0.0872727272727273 0.100682593856655
0 0.722424242424242 0.464163822525597 0.0921212121212121 0.0955631399317406
0 0.731515151515152 0.639931740614334 0.0884848484848485 0.10580204778157
0 0.716969696969697 0.79778156996587 0.134545454545455 0.179180887372014
0 0.873939393939394 0.560580204778157 0.0896969696969697 0.131399317406143