0 0.235757575757576 0.171501706484642 0.0715151515151515 0.0870307167235495
0 0.220606060606061 0.309726962457338 0.0703030303030303 0.107508532423208
0 0.253939393939394 0.430034129692833 0.0787878787878788 0.0955631399317406
0 0.171515151515152 0.52901023890785 0.0787878787878788 0.0989761092150171
0 0.223636363636364 0.683447098976109 0.0933333333333333 0.127986348122867
0 0.269090909090909 0.777303754266212 0.0751515151515152 0.100682593856655
0 0.180606060606061 0.854948805460751 0.0848484848484849 0.0887372013651877
0 0.355757575757576 0.873720136518771 0.100606060606061 0.122866894197952
0 0.352121212121212 0.735494880546075 0.0690909090909091 0.0921501706484642
0 0.332727272727273 0.587883959044369 0.100606060606061 0.141638225255973
0 0.341212121212121 0.302047781569966 0.117575757575758 0.177474402730375
0 0.392727272727273 0.47098976109215 0.0824242424242424 0.122866894197952
0 0.452727272727273 0.290955631399317 0.0690909090909091 0.0938566552901024
0 0.469090909090909 0.379692832764505 0.0654545454545455 0.083617747440273
0 0.472727272727273 0.504266211604096 0.0654545454545455 0.107508532423208
0 0.434545454545455 0.610068259385666 0.0787878787878788 0.114334470989761
0 0.495757575757576 0.204778156996587 0.0703030303030303 0.0955631399317406
0 0.524242424242424 0.302901023890785 0.0715151515151515 0.0938566552901024
0 0.534545454545455 0.395904436860068 0.0678787878787879 0.0955631399317406
0 0.538787878787879 0.544368600682594 0.0642424242424242 0.102389078498294
0 0.532121212121212 0.674914675767918 0.0751515151515152 0.104095563139932
0 0.562424242424242 0.891638225255973 0.0751515151515152 0.107508532423208
0 0.593939393939394 0.197098976109215 0.0848484848484849 0.110921501706485
0 0.612727272727273 0.340443686006826 0.0763636363636364 0.104095563139932
0 0.604848484848485 0.465870307167235 0.0654545454545455 0.0887372013651877
0 0.607272727272727 0.606655290102389 0.0678787878787879 0.0904436860068259
0 0.678181818181818 0.916382252559727 0.0690909090909091 0.102389078498294
0 0.683030303030303 0.647610921501707 0.0690909090909091 0.100682593856655
0 0.681212121212121 0.512798634812287 0.0654545454545455 0.0972696245733788
0 0.695151515151515 0.373720136518771 0.0739393939393939 0.10580204778157
0 0.686060606060606 0.252559726962457 0.0678787878787879 0.102389078498294
0 0.758181818181818 0.457337883959044 0.0739393939393939 0.0989761092150171
0 0.749090909090909 0.584470989761092 0.0921212121212121 0.12457337883959
0 0.786666666666667 0.715870307167236 0.0703030303030303 0.110921501706485