0 0.213939393939394 0.26962457337884 0.0909090909090909 0.109215017064846
0 0.174545454545455 0.417235494880546 0.0896969696969697 0.12457337883959
0 0.207878787878788 0.564846416382253 0.0812121212121212 0.119453924914676
0 0.184848484848485 0.675767918088737 0.0715151515151515 0.102389078498294
0 0.203030303030303 0.780716723549488 0.0787878787878788 0.107508532423208
0 0.240606060606061 0.878839590443686 0.0812121212121212 0.10580204778157
0 0.261212121212121 0.662969283276451 0.0787878787878788 0.107508532423208
0 0.354545454545455 0.89419795221843 0.0739393939393939 0.112627986348123
0 0.352727272727273 0.773037542662116 0.0824242424242424 0.126279863481229
0 0.326060606060606 0.504266211604096 0.08 0.117747440273038
0 0.283030303030303 0.350682593856655 0.0739393939393939 0.117747440273038
0 0.315757575757576 0.242320819112628 0.0787878787878788 0.109215017064846
0 0.389090909090909 0.647610921501707 0.0751515151515152 0.121160409556314
0 0.430909090909091 0.774744027303754 0.0715151515151515 0.0921501706484642
0 0.447878787878788 0.870307167235495 0.0860606060606061 0.112627986348123
0 0.381212121212121 0.162116040955631 0.0812121212121212 0.102389078498294
0 0.428484848484848 0.332764505119454 0.0666666666666667 0.116040955631399
0 0.469090909090909 0.494027303754266 0.0703030303030303 0.107508532423208
0 0.498181818181818 0.146757679180887 0.0896969696969697 0.119453924914676
0 0.503636363636364 0.298634812286689 0.0763636363636364 0.102389078498294
0 0.553333333333333 0.617747440273038 0.0787878787878788 0.112627986348123
0 0.553939393939394 0.771331058020478 0.0775757575757576 0.112627986348123
0 0.558181818181818 0.885665529010239 0.0787878787878788 0.10580204778157
0 0.575151515151515 0.465017064846416 0.0812121212121212 0.114334470989761
0 0.584242424242424 0.244880546075085 0.0775757575757576 0.104095563139932
0 0.664848484848485 0.276450511945393 0.0787878787878788 0.10580204778157
0 0.665454545454545 0.439419795221843 0.08 0.110921501706485
0 0.655757575757576 0.638225255972696 0.08 0.102389078498294
0 0.656363636363636 0.858361774744027 0.0739393939393939 0.109215017064846
0 0.737575757575758 0.904436860068259 0.0787878787878788 0.116040955631399
0 0.710909090909091 0.753412969283277 0.0763636363636364 0.117747440273038
0 0.712727272727273 0.548634812286689 0.0775757575757576 0.121160409556314
0 0.742424242424242 0.902730375426621 0.0836363636363636 0.116040955631399
0 0.795757575757576 0.813139931740614 0.0836363636363636 0.117747440273038
0 0.815757575757576 0.662116040955631 0.08 0.10580204778157
0 0.827878787878788 0.552047781569966 0.0775757575757576 0.100682593856655
0 0.776363636363636 0.429180887372014 0.0787878787878788 0.107508532423208
0 0.740606060606061 0.318259385665529 0.0775757575757576 0.114334470989761
0 0.752121212121212 0.174914675767918 0.0787878787878788 0.107508532423208