0 0.213939393939394 0.271331058020478 0.0666666666666667 0.0921501706484642
0 0.173939393939394 0.418941979522184 0.0812121212121212 0.104095563139932
0 0.20969696969697 0.569112627986348 0.08 0.100682593856655
0 0.181212121212121 0.678327645051195 0.0787878787878788 0.0972696245733788
0 0.206060606060606 0.784982935153584 0.08 0.0921501706484642
0 0.243636363636364 0.871160409556314 0.0775757575757576 0.107508532423208
0 0.262424242424242 0.662116040955631 0.0690909090909091 0.0921501706484642
0 0.282424242424242 0.348976109215017 0.0654545454545455 0.100682593856655
0 0.317575757575758 0.244027303754266 0.0654545454545455 0.0955631399317406
0 0.332727272727273 0.508532423208191 0.0739393939393939 0.10580204778157
0 0.353333333333333 0.775597269624573 0.0715151515151515 0.107508532423208
0 0.352727272727273 0.895904436860068 0.0824242424242424 0.102389078498294
0 0.447878787878788 0.869453924914676 0.0812121212121212 0.107508532423208
0 0.436363636363636 0.771331058020478 0.0751515151515152 0.10580204778157
0 0.550909090909091 0.778156996587031 0.0763636363636364 0.0955631399317406
0 0.553333333333333 0.881399317406143 0.0787878787878788 0.0972696245733788
0 0.654545454545455 0.851535836177474 0.0775757575757576 0.0921501706484642
0 0.712727272727273 0.761945392491468 0.0751515151515152 0.100682593856655
0 0.796969696969697 0.816552901023891 0.0812121212121212 0.104095563139932
0 0.74 0.897610921501707 0.0812121212121212 0.102389078498294
0 0.39030303030303 0.650170648464164 0.0775757575757576 0.0921501706484642
0 0.552727272727273 0.622013651877133 0.0703030303030303 0.0938566552901024
0 0.654545454545455 0.638225255972696 0.0775757575757576 0.0989761092150171
0 0.812121212121212 0.667235494880546 0.0775757575757576 0.102389078498294
0 0.829090909090909 0.552901023890785 0.0775757575757576 0.0989761092150171
0 0.71030303030303 0.551194539249147 0.0727272727272727 0.0955631399317406
0 0.465454545454545 0.494027303754266 0.0727272727272727 0.0870307167235495
0 0.572727272727273 0.472696245733788 0.0836363636363636 0.102389078498294
0 0.661818181818182 0.441126279863481 0.0727272727272727 0.0972696245733788
0 0.775151515151515 0.428327645051195 0.0812121212121212 0.102389078498294
0 0.743030303030303 0.314846416382253 0.0751515151515152 0.104095563139932
0 0.756363636363636 0.179180887372014 0.0824242424242424 0.102389078498294
0 0.663030303030303 0.273890784982935 0.0824242424242424 0.104095563139932
0 0.585454545454545 0.245733788395904 0.0727272727272727 0.0921501706484642
0 0.507272727272727 0.292662116040956 0.0763636363636364 0.100682593856655
0 0.426060606060606 0.321672354948805 0.0836363636363636 0.0972696245733788
0 0.385454545454545 0.165529010238908 0.0751515151515152 0.0989761092150171
0 0.495757575757576 0.139078498293515 0.0751515151515152 0.100682593856655