0 0.215757575757576 0.263651877133106 0.0824242424242424 0.100682593856655
0 0.174545454545455 0.41382252559727 0.0872727272727273 0.100682593856655
0 0.206666666666667 0.557167235494881 0.0763636363636364 0.117747440273038
0 0.182424242424242 0.671501706484642 0.0715151515151515 0.0904436860068259
0 0.199393939393939 0.776450511945393 0.0763636363636364 0.0989761092150171
0 0.246666666666667 0.870307167235495 0.0715151515151515 0.0887372013651877
0 0.263030303030303 0.660409556313993 0.0824242424242424 0.10580204778157
0 0.358181818181818 0.771331058020478 0.0739393939393939 0.102389078498294
0 0.34969696969697 0.888225255972696 0.0787878787878788 0.100682593856655
0 0.444242424242424 0.861774744027304 0.0836363636363636 0.102389078498294
0 0.435151515151515 0.767918088737201 0.08 0.109215017064846
0 0.550909090909091 0.764505119453925 0.0763636363636364 0.102389078498294
0 0.553939393939394 0.881399317406143 0.0703030303030303 0.083617747440273
0 0.653939393939394 0.848976109215017 0.0739393939393939 0.110921501706485
0 0.713333333333333 0.757679180887372 0.0763636363636364 0.102389078498294
0 0.796969696969697 0.809726962457338 0.0739393939393939 0.100682593856655
0 0.739393939393939 0.895904436860068 0.0703030303030303 0.0955631399317406
0 0.387272727272727 0.64419795221843 0.0884848484848485 0.104095563139932
0 0.552121212121212 0.618600682593857 0.0763636363636364 0.0938566552901024
0 0.649090909090909 0.633105802047782 0.0787878787878788 0.10580204778157
0 0.817575757575758 0.667235494880546 0.0981818181818182 0.109215017064846
0 0.82969696969697 0.548634812286689 0.0836363636363636 0.100682593856655
0 0.706666666666667 0.548634812286689 0.0896969696969697 0.107508532423208
0 0.33030303030303 0.506825938566553 0.0836363636363636 0.10580204778157
0 0.469090909090909 0.492320819112628 0.0751515151515152 0.100682593856655
0 0.575151515151515 0.467576791808874 0.0860606060606061 0.102389078498294
0 0.666060606060606 0.43259385665529 0.0690909090909091 0.0972696245733788
0 0.774545454545455 0.427474402730375 0.0896969696969697 0.121160409556314
0 0.744848484848485 0.315699658703072 0.0763636363636364 0.0955631399317406
0 0.754545454545455 0.169795221843003 0.0812121212121212 0.104095563139932
0 0.661212121212121 0.267064846416382 0.0836363636363636 0.107508532423208
0 0.586666666666667 0.24061433447099 0.0824242424242424 0.10580204778157
0 0.507272727272727 0.290102389078498 0.0836363636363636 0.10580204778157
0 0.426666666666667 0.32679180887372 0.0872727272727273 0.117747440273038
0 0.284848484848485 0.348122866894198 0.0775757575757576 0.0989761092150171
0 0.314545454545455 0.238907849829352 0.0763636363636364 0.102389078498294
0 0.383636363636364 0.157849829351536 0.0763636363636364 0.107508532423208
0 0.496969696969697 0.133105802047782 0.0896969696969697 0.116040955631399