0 0.292121212121212 0.398464163822526 0.126060606060606 0.155290102389079
0 0.251515151515152 0.610068259385666 0.0618181818181818 0.0938566552901024
0 0.311515151515152 0.588737201365188 0.063030303030303 0.0955631399317406
0 0.397575757575758 0.514505119453925 0.0460606060606061 0.0699658703071672
0 0.473939393939394 0.566552901023891 0.0727272727272727 0.0955631399317406
0 0.471515151515152 0.428327645051195 0.0678787878787879 0.0955631399317406
0 0.436363636363636 0.274744027303754 0.0678787878787879 0.0955631399317406
0 0.536363636363636 0.295221843003413 0.0690909090909091 0.0887372013651877
0 0.628484848484849 0.263651877133106 0.0666666666666667 0.0870307167235495
0 0.697575757575758 0.430887372013652 0.0448484848484848 0.0631399317406143
0 0.596363636363636 0.613481228668942 0.0533333333333333 0.0597269624573379
0 0.730909090909091 0.236348122866894 0.0751515151515152 0.0938566552901024