0 0.290909090909091 0.402730375426621 0.113939393939394 0.143344709897611
0 0.24969696969697 0.610921501706485 0.0557575757575758 0.0853242320819113
0 0.313333333333333 0.589590443686007 0.0593939393939394 0.0938566552901024
0 0.396969696969697 0.510238907849829 0.0593939393939394 0.0921501706484642
0 0.474545454545455 0.430034129692833 0.0666666666666667 0.0989761092150171
0 0.475757575757576 0.568259385665529 0.0642424242424242 0.0955631399317406
0 0.434545454545455 0.273890784982935 0.0812121212121212 0.0938566552901024
0 0.538181818181818 0.29778156996587 0.0678787878787879 0.100682593856655
0 0.630909090909091 0.26962457337884 0.0787878787878788 0.0887372013651877
0 0.596969696969697 0.616040955631399 0.0593939393939394 0.0853242320819113
0 0.731515151515152 0.233788395904437 0.0739393939393939 0.0955631399317406