0 0.24969696969697 0.613481228668942 0.0606060606060606 0.0802047781569966
0 0.314545454545455 0.593003412969283 0.0642424242424242 0.083617747440273
0 0.293333333333333 0.396757679180887 0.118787878787879 0.155290102389079
0 0.393333333333333 0.514505119453925 0.0545454545454545 0.0699658703071672
0 0.476363636363636 0.572525597269625 0.0703030303030303 0.0938566552901024
0 0.475151515151515 0.428327645051195 0.0654545454545455 0.0853242320819113
0 0.433939393939394 0.272184300341297 0.0654545454545455 0.0904436860068259
0 0.535151515151515 0.295221843003413 0.0739393939393939 0.0955631399317406
0 0.598181818181818 0.616040955631399 0.0496969696969697 0.0750853242320819
0 0.626060606060606 0.26877133105802 0.0666666666666667 0.0938566552901024
0 0.693939393939394 0.430034129692833 0.0545454545454545 0.0716723549488055
0 0.729090909090909 0.234641638225256 0.0763636363636364 0.100682593856655