0 0.286060606060606 0.402730375426621 0.123636363636364 0.156996587030717
0 0.24969696969697 0.612627986348123 0.0557575757575758 0.0819112627986348
0 0.313333333333333 0.593003412969283 0.0690909090909091 0.083617747440273
0 0.393939393939394 0.515358361774744 0.063030303030303 0.068259385665529
0 0.46969696969697 0.56740614334471 0.0763636363636364 0.100682593856655
0 0.471515151515152 0.426621160409556 0.0848484848484849 0.0989761092150171
0 0.436363636363636 0.274744027303754 0.0727272727272727 0.0921501706484642
0 0.536363636363636 0.292662116040956 0.0812121212121212 0.0972696245733788
0 0.626666666666667 0.264505119453925 0.0678787878787879 0.0955631399317406
0 0.728484848484849 0.237201365187713 0.0751515151515152 0.0955631399317406
0 0.695757575757576 0.430887372013652 0.0533333333333333 0.0631399317406143
0 0.598787878787879 0.614334470989761 0.0678787878787879 0.0648464163822526