0 0.287272727272727 0.402730375426621 0.123636363636364 0.16382252559727
0 0.24969696969697 0.614334470989761 0.0654545454545455 0.0887372013651877
0 0.313333333333333 0.593003412969283 0.0715151515151515 0.0972696245733788
0 0.392727272727273 0.512798634812287 0.0606060606060606 0.0767918088737201
0 0.471515151515152 0.566552901023891 0.0727272727272727 0.102389078498294
0 0.471515151515152 0.430887372013652 0.0848484848484849 0.104095563139932
0 0.42969696969697 0.271331058020478 0.0715151515151515 0.109215017064846
0 0.535151515151515 0.29778156996587 0.0812121212121212 0.104095563139932
0 0.62969696969697 0.26877133105802 0.0690909090909091 0.0938566552901024
0 0.598181818181818 0.614334470989761 0.056969696969697 0.0784982935153584
0 0.695757575757576 0.429180887372014 0.0509090909090909 0.0665529010238908
0 0.728484848484849 0.232081911262799 0.0775757575757576 0.102389078498294