0 0.283030303030303 0.395904436860068 0.132121212121212 0.156996587030717
0 0.243636363636364 0.608361774744027 0.0606060606060606 0.0904436860068259
0 0.314545454545455 0.593003412969283 0.0739393939393939 0.0904436860068259
0 0.396969696969697 0.516211604095563 0.056969696969697 0.0699658703071672
0 0.472727272727273 0.565699658703072 0.0751515151515152 0.0972696245733788
0 0.471515151515152 0.426621160409556 0.0678787878787879 0.0887372013651877
0 0.431515151515152 0.267064846416382 0.0654545454545455 0.0972696245733788
0 0.534545454545455 0.302047781569966 0.0678787878787879 0.0921501706484642
0 0.62969696969697 0.266211604095563 0.0763636363636364 0.102389078498294
0 0.593939393939394 0.611774744027304 0.063030303030303 0.0802047781569966
0 0.696969696969697 0.434300341296928 0.0484848484848485 0.0699658703071672
0 0.730909090909091 0.235494880546075 0.0775757575757576 0.0921501706484642