0 0.230909090909091 0.168088737201365 0.0763636363636364 0.0972696245733788
0 0.221818181818182 0.311433447098976 0.08 0.100682593856655
0 0.175151515151515 0.526450511945393 0.0812121212121212 0.0938566552901024
0 0.254545454545455 0.430887372013652 0.0703030303030303 0.0972696245733788
0 0.214545454545455 0.681740614334471 0.0945454545454545 0.12457337883959
0 0.171515151515152 0.847269624573379 0.0787878787878788 0.0972696245733788
0 0.262424242424242 0.773037542662116 0.0739393939393939 0.0921501706484642
0 0.353333333333333 0.87542662116041 0.0981818181818182 0.122866894197952
0 0.35030303030303 0.734641638225256 0.0703030303030303 0.0972696245733788
0 0.333939393939394 0.590443686006826 0.105454545454545 0.143344709897611
0 0.392121212121212 0.467576791808874 0.0836363636363636 0.10580204778157
0 0.337575757575758 0.292662116040956 0.122424242424242 0.168941979522184
0 0.496969696969697 0.204778156996587 0.0678787878787879 0.0921501706484642
0 0.595757575757576 0.197098976109215 0.0860606060606061 0.110921501706485
0 0.684848484848485 0.250853242320819 0.0727272727272727 0.0887372013651877
0 0.453333333333333 0.284982935153584 0.0775757575757576 0.0921501706484642
0 0.522424242424242 0.300341296928328 0.0654545454545455 0.0955631399317406
0 0.615151515151515 0.343003412969283 0.0690909090909091 0.0989761092150171
0 0.696969696969697 0.382252559726962 0.0872727272727273 0.116040955631399
0 0.76 0.460750853242321 0.0872727272727273 0.0887372013651877
0 0.750909090909091 0.581058020477816 0.0909090909090909 0.127986348122867
0 0.681212121212121 0.515358361774744 0.0654545454545455 0.10580204778157
0 0.604848484848485 0.47098976109215 0.0678787878787879 0.0989761092150171
0 0.540606060606061 0.400170648464164 0.0654545454545455 0.0938566552901024
0 0.469090909090909 0.382252559726962 0.0678787878787879 0.0819112627986348
0 0.474545454545455 0.5 0.0739393939393939 0.112627986348123
0 0.539393939393939 0.542662116040956 0.0654545454545455 0.112627986348123
0 0.610909090909091 0.608361774744027 0.0751515151515152 0.117747440273038
0 0.68 0.643344709897611 0.0824242424242424 0.119453924914676
0 0.78969696969697 0.715017064846416 0.0763636363636364 0.112627986348123
0 0.435151515151515 0.612627986348123 0.0727272727272727 0.112627986348123
0 0.52969696969697 0.669795221843003 0.0872727272727273 0.110921501706485
0 0.572727272727273 0.893344709897611 0.0739393939393939 0.110921501706485
0 0.670909090909091 0.906143344709898 0.0812121212121212 0.112627986348123