0 0.278181818181818 0.469283276450512 0.0690909090909091 0.0955631399317406
0 0.273939393939394 0.606655290102389 0.0703030303030303 0.0870307167235495
0 0.375151515151515 0.436006825938567 0.0545454545454545 0.0665529010238908
0 0.48 0.459044368600683 0.0848484848484849 0.0989761092150171
0 0.409090909090909 0.578498293515358 0.0496969696969697 0.0750853242320819
0 0.475757575757576 0.595563139931741 0.0763636363636364 0.10580204778157
0 0.564242424242424 0.602389078498293 0.0521212121212121 0.0716723549488055
0 0.661212121212121 0.426621160409556 0.124848484848485 0.15358361774744
0 0.691515151515152 0.532423208191126 0.0521212121212121 0.0614334470989761
0 0.797575757575758 0.518771331058021 0.0678787878787879 0.0921501706484642
0 0.469090909090909 0.22098976109215 0.0339393939393939 0.0494880546075085
0 0.506060606060606 0.198805460750853 0.0448484848484848 0.0563139931740614
0 0.499393939393939 0.117747440273038 0.0484848484848485 0.0511945392491468
0 0.478181818181818 0.0656996587030717 0.0375757575757576 0.0460750853242321