0 0.478181818181818 0.0631399317406143 0.0448484848484848 0.0580204778156997
0 0.495151515151515 0.116040955631399 0.0448484848484848 0.0580204778156997
0 0.468484848484849 0.224402730375427 0.0424242424242424 0.0563139931740614
0 0.50969696969697 0.199658703071672 0.0521212121212121 0.0614334470989761
0 0.278181818181818 0.469283276450512 0.0763636363636364 0.109215017064846
0 0.279393939393939 0.613481228668942 0.0690909090909091 0.0938566552901024
0 0.371515151515152 0.442832764505119 0.0642424242424242 0.0699658703071672
0 0.416363636363636 0.581058020477816 0.0424242424242424 0.0665529010238908
0 0.478787878787879 0.595563139931741 0.0703030303030303 0.0887372013651877
0 0.473333333333333 0.457337883959044 0.0690909090909091 0.0921501706484642
0 0.567272727272727 0.599829351535836 0.0606060606060606 0.0665529010238908
0 0.663030303030303 0.426621160409556 0.121212121212121 0.156996587030717
0 0.687878787878788 0.532423208191126 0.0496969696969697 0.0614334470989761
0 0.794545454545455 0.522184300341297 0.0787878787878788 0.0989761092150171