0 0.477575757575758 0.0665529010238908 0.0460606060606061 0.0546075085324232
0 0.493333333333333 0.11518771331058 0.0436363636363636 0.0494880546075085
0 0.46969696969697 0.226109215017065 0.0327272727272727 0.0563139931740614
0 0.506666666666667 0.195392491467577 0.0436363636363636 0.0563139931740614
0 0.276969696969697 0.465870307167235 0.0690909090909091 0.0921501706484642
0 0.282424242424242 0.612627986348123 0.0727272727272727 0.0921501706484642
0 0.376969696969697 0.436860068259386 0.0533333333333333 0.0716723549488055
0 0.412121212121212 0.584470989761092 0.0460606060606061 0.0631399317406143
0 0.474545454545455 0.594709897610922 0.0690909090909091 0.0870307167235495
0 0.472121212121212 0.453924914675768 0.0690909090909091 0.0955631399317406
0 0.567272727272727 0.599829351535836 0.0460606060606061 0.0665529010238908
0 0.662424242424242 0.429180887372014 0.122424242424242 0.151877133105802
0 0.693939393939394 0.533276450511945 0.0472727272727273 0.0597269624573379
0 0.796969696969697 0.51962457337884 0.0715151515151515 0.0904436860068259