0 0.483030303030303 0.068259385665529 0.0424242424242424 0.0477815699658703
0 0.501212121212121 0.116040955631399 0.0496969696969697 0.0546075085324232
0 0.469090909090909 0.221843003412969 0.0387878787878788 0.0546075085324232
0 0.507878787878788 0.197098976109215 0.0436363636363636 0.0597269624573379
0 0.274545454545455 0.462457337883959 0.0690909090909091 0.0921501706484642
0 0.278787878787879 0.606655290102389 0.0751515151515152 0.0904436860068259
0 0.374545454545455 0.437713310580205 0.0533333333333333 0.0699658703071672
0 0.412121212121212 0.575938566552901 0.0484848484848485 0.0733788395904437
0 0.475757575757576 0.59641638225256 0.0715151515151515 0.0938566552901024
0 0.469090909090909 0.453924914675768 0.0775757575757576 0.0853242320819113
0 0.563636363636364 0.600682593856655 0.0557575757575758 0.0716723549488055
0 0.66 0.429180887372014 0.124848484848485 0.145051194539249
0 0.691515151515152 0.534982935153584 0.0496969696969697 0.0631399317406143
0 0.793333333333333 0.517918088737201 0.0739393939393939 0.0870307167235495