0 0.278181818181818 0.465017064846416 0.0690909090909091 0.0972696245733788
0 0.274545454545455 0.604095563139932 0.0690909090909091 0.102389078498294
0 0.372727272727273 0.438566552901024 0.0642424242424242 0.0716723549488055
0 0.411515151515152 0.582764505119454 0.0448484848484848 0.0699658703071672
0 0.475757575757576 0.602389078498293 0.0763636363636364 0.0853242320819113
0 0.465454545454545 0.455631399317406 0.08 0.0955631399317406
0 0.569090909090909 0.597269624573379 0.056969696969697 0.0750853242320819
0 0.661212121212121 0.427474402730375 0.12 0.151877133105802
0 0.689090909090909 0.531569965870307 0.0521212121212121 0.0631399317406143
0 0.794545454545455 0.517918088737201 0.0763636363636364 0.0972696245733788
0 0.471515151515152 0.224402730375427 0.0266666666666667 0.0426621160409556
0 0.505454545454545 0.196245733788396 0.0412121212121212 0.0546075085324232
0 0.496363636363636 0.118600682593857 0.0424242424242424 0.052901023890785
0 0.477575757575758 0.0648464163822526 0.0509090909090909 0.0546075085324232