0 0.278181818181818 0.466723549488055 0.0715151515151515 0.083617747440273
0 0.281212121212121 0.609215017064846 0.0727272727272727 0.0921501706484642
0 0.376969696969697 0.4419795221843 0.0533333333333333 0.0716723549488055
0 0.412727272727273 0.580204778156997 0.0448484848484848 0.068259385665529
0 0.478787878787879 0.598976109215017 0.0727272727272727 0.0921501706484642
0 0.472727272727273 0.456484641638225 0.0727272727272727 0.0938566552901024
0 0.565454545454545 0.598976109215017 0.0521212121212121 0.0648464163822526
0 0.664242424242424 0.429180887372014 0.116363636363636 0.145051194539249
0 0.693333333333333 0.535836177474403 0.0509090909090909 0.0648464163822526
0 0.799393939393939 0.521331058020478 0.0787878787878788 0.100682593856655
0 0.469090909090909 0.221843003412969 0.0363636363636364 0.0580204778156997
0 0.508484848484849 0.194539249146758 0.0424242424242424 0.0546075085324232
0 0.496363636363636 0.116040955631399 0.0375757575757576 0.0511945392491468
0 0.479393939393939 0.0648464163822526 0.04 0.0511945392491468