0 0.166666666666667 0.314846416382253 0.0666666666666667 0.0904436860068259
0 0.224848484848485 0.224402730375427 0.0715151515151515 0.0972696245733788
0 0.306666666666667 0.26962457337884 0.063030303030303 0.0819112627986348
0 0.326666666666667 0.534129692832764 0.0957575757575758 0.129692832764505
0 0.421818181818182 0.610068259385666 0.0751515151515152 0.107508532423208
0 0.404848484848485 0.329351535836177 0.0678787878787879 0.0887372013651877
0 0.378787878787879 0.22098976109215 0.0836363636363636 0.107508532423208
0 0.468484848484849 0.215017064846416 0.0909090909090909 0.119453924914676
0 0.528484848484848 0.0674061433447099 0.0727272727272727 0.100682593856655
0 0.528484848484848 0.396757679180887 0.0751515151515152 0.0938566552901024
0 0.843636363636364 0.283276450511945 0.0727272727272727 0.0955631399317406
0 0.724848484848485 0.428327645051195 0.0678787878787879 0.0853242320819113
0 0.813939393939394 0.482935153583618 0.0763636363636364 0.0955631399317406
0 0.724242424242424 0.533276450511945 0.0715151515151515 0.0904436860068259
0 0.653939393939394 0.680034129692833 0.0690909090909091 0.0904436860068259
0 0.626666666666667 0.767064846416382 0.0678787878787879 0.0938566552901024
0 0.837575757575758 0.746587030716724 0.0775757575757576 0.100682593856655
0 0.72 0.947952218430034 0.08 0.100682593856655