0 0.162424242424242 0.313993174061433 0.0727272727272727 0.112627986348123
0 0.226666666666667 0.224402730375427 0.0751515151515152 0.100682593856655
0 0.304848484848485 0.267064846416382 0.0715151515151515 0.0870307167235495
0 0.377575757575758 0.222696245733788 0.0739393939393939 0.100682593856655
0 0.466060606060606 0.215870307167235 0.0933333333333333 0.114334470989761
0 0.527272727272727 0.060580204778157 0.0703030303030303 0.0870307167235495
0 0.404242424242424 0.32679180887372 0.0739393939393939 0.0938566552901024
0 0.327878787878788 0.540955631399317 0.103030303030303 0.133105802047782
0 0.423030303030303 0.609215017064846 0.0751515151515152 0.0887372013651877
0 0.526666666666667 0.392491467576792 0.0642424242424242 0.102389078498294
0 0.846060606060606 0.280716723549488 0.0751515151515152 0.0972696245733788
0 0.723030303030303 0.425767918088737 0.0690909090909091 0.0870307167235495
0 0.816969696969697 0.48122866894198 0.0727272727272727 0.10580204778157
0 0.726666666666667 0.534129692832764 0.0739393939393939 0.0955631399317406
0 0.651515151515151 0.68259385665529 0.0715151515151515 0.0921501706484642
0 0.625454545454545 0.767918088737201 0.0654545454545455 0.0887372013651877
0 0.721212121212121 0.947098976109215 0.0775757575757576 0.10580204778157
0 0.835151515151515 0.74061433447099 0.08 0.109215017064846