0 0.163636363636364 0.309726962457338 0.0678787878787879 0.104095563139932
0 0.224242424242424 0.224402730375427 0.0703030303030303 0.0938566552901024
0 0.304242424242424 0.266211604095563 0.0703030303030303 0.0955631399317406
0 0.375151515151515 0.224402730375427 0.0812121212121212 0.114334470989761
0 0.400606060606061 0.325085324232082 0.0715151515151515 0.0972696245733788
0 0.461212121212121 0.216723549488055 0.0884848484848485 0.112627986348123
0 0.526666666666667 0.0674061433447099 0.0787878787878788 0.100682593856655
0 0.524242424242424 0.401877133105802 0.0690909090909091 0.100682593856655
0 0.323030303030303 0.534129692832764 0.0884848484848485 0.126279863481229
0 0.418787878787879 0.610921501706485 0.0787878787878788 0.0955631399317406
0 0.717575757575758 0.424914675767918 0.0727272727272727 0.0853242320819113
0 0.84 0.278156996587031 0.063030303030303 0.0989761092150171
0 0.812121212121212 0.487201365187713 0.063030303030303 0.0904436860068259
0 0.723030303030303 0.533276450511945 0.0763636363636364 0.0904436860068259
0 0.656969696969697 0.686006825938567 0.0703030303030303 0.0955631399317406
0 0.624848484848485 0.765358361774744 0.0666666666666667 0.0938566552901024
0 0.837575757575758 0.744880546075085 0.0751515151515152 0.100682593856655
0 0.720606060606061 0.95221843003413 0.0739393939393939 0.0989761092150171