0 0.165454545454545 0.3080204778157 0.0763636363636364 0.0904436860068259
0 0.226060606060606 0.227815699658703 0.0763636363636364 0.0972696245733788
0 0.304848484848485 0.266211604095563 0.0690909090909091 0.0853242320819113
0 0.378181818181818 0.224402730375427 0.0775757575757576 0.100682593856655
0 0.402424242424242 0.322525597269625 0.0824242424242424 0.0887372013651877
0 0.466666666666667 0.215017064846416 0.0824242424242424 0.0989761092150171
0 0.528484848484848 0.0665529010238908 0.0775757575757576 0.0989761092150171
0 0.523636363636364 0.397610921501707 0.0775757575757576 0.109215017064846
0 0.326666666666667 0.537542662116041 0.0933333333333333 0.126279863481229
0 0.420606060606061 0.60580204778157 0.0824242424242424 0.0989761092150171
0 0.844848484848485 0.275597269624573 0.0727272727272727 0.100682593856655
0 0.72 0.425767918088737 0.0727272727272727 0.100682593856655
0 0.812727272727273 0.48122866894198 0.0812121212121212 0.10580204778157
0 0.725454545454545 0.532423208191126 0.0690909090909091 0.0887372013651877
0 0.656969696969697 0.68259385665529 0.0727272727272727 0.0887372013651877
0 0.625454545454545 0.775597269624573 0.0751515151515152 0.0870307167235495
0 0.838787878787879 0.744027303754266 0.08 0.102389078498294
0 0.720606060606061 0.953071672354949 0.0739393939393939 0.0972696245733788