0 0.240606060606061 0.174061433447099 0.0860606060606061 0.102389078498294
0 0.225454545454545 0.314846416382253 0.0824242424242424 0.107508532423208
0 0.253333333333333 0.437713310580205 0.0727272727272727 0.0870307167235495
0 0.173939393939394 0.523890784982935 0.0763636363636364 0.0887372013651877
0 0.220606060606061 0.681740614334471 0.096969696969697 0.12457337883959
0 0.180606060606061 0.852389078498293 0.0727272727272727 0.0938566552901024
0 0.266666666666667 0.779863481228669 0.0751515151515152 0.0921501706484642
0 0.353333333333333 0.870307167235495 0.0957575757575758 0.139931740614334
0 0.352121212121212 0.734641638225256 0.0715151515151515 0.0870307167235495
0 0.327878787878788 0.582764505119454 0.100606060606061 0.127986348122867
0 0.394545454545455 0.469283276450512 0.0884848484848485 0.119453924914676
0 0.341212121212121 0.29778156996587 0.127272727272727 0.179180887372014
0 0.438787878787879 0.610921501706485 0.0775757575757576 0.112627986348123
0 0.473939393939394 0.496587030716724 0.0654545454545455 0.102389078498294
0 0.469090909090909 0.380546075085324 0.0678787878787879 0.0955631399317406
0 0.452727272727273 0.290102389078498 0.0690909090909091 0.0921501706484642
0 0.496363636363636 0.206484641638225 0.0690909090909091 0.0921501706484642
0 0.521818181818182 0.300341296928328 0.0739393939393939 0.0955631399317406
0 0.534545454545455 0.393344709897611 0.0751515151515152 0.0904436860068259
0 0.539393939393939 0.549488054607508 0.063030303030303 0.0989761092150171
0 0.533333333333333 0.674914675767918 0.0727272727272727 0.0972696245733788
0 0.565454545454545 0.891638225255973 0.0715151515151515 0.107508532423208
0 0.680606060606061 0.921501706484642 0.0812121212121212 0.119453924914676
0 0.604242424242424 0.604948805460751 0.0715151515151515 0.117747440273038
0 0.607272727272727 0.472696245733788 0.0654545454545455 0.10580204778157
0 0.612121212121212 0.343003412969283 0.0727272727272727 0.0989761092150171
0 0.597575757575758 0.197952218430034 0.0775757575757576 0.109215017064846
0 0.685454545454545 0.255972696245734 0.0715151515151515 0.0921501706484642
0 0.695151515151515 0.376279863481229 0.0812121212121212 0.104095563139932
0 0.682424242424242 0.516211604095563 0.0654545454545455 0.0972696245733788
0 0.679393939393939 0.645904436860068 0.0618181818181818 0.0938566552901024
0 0.786666666666667 0.716723549488055 0.0824242424242424 0.0989761092150171
0 0.749090909090909 0.585324232081911 0.0848484848484849 0.126279863481229
0 0.756363636363636 0.459897610921502 0.0751515151515152 0.104095563139932