0 0.167878787878788 0.314846416382253 0.0739393939393939 0.0972696245733788
0 0.223636363636364 0.227815699658703 0.0666666666666667 0.0938566552901024
0 0.303636363636364 0.267918088737201 0.0715151515151515 0.0887372013651877
0 0.38 0.225255972696246 0.0812121212121212 0.109215017064846
0 0.46969696969697 0.214163822525597 0.0933333333333333 0.117747440273038
0 0.52969696969697 0.0674061433447099 0.0654545454545455 0.0938566552901024
0 0.406060606060606 0.328498293515358 0.063030303030303 0.0870307167235495
0 0.324848484848485 0.534982935153584 0.101818181818182 0.138225255972696
0 0.42 0.610921501706485 0.0787878787878788 0.102389078498294
0 0.525454545454546 0.392491467576792 0.0836363636363636 0.0989761092150171
0 0.843030303030303 0.280716723549488 0.0715151515151515 0.0972696245733788
0 0.721818181818182 0.422354948805461 0.0739393939393939 0.100682593856655
0 0.814545454545455 0.482935153583618 0.0727272727272727 0.10580204778157
0 0.72 0.534129692832764 0.0703030303030303 0.0955631399317406
0 0.653939393939394 0.677474402730375 0.0715151515151515 0.0955631399317406
0 0.625454545454545 0.767918088737201 0.08 0.0921501706484642
0 0.839393939393939 0.744880546075085 0.0860606060606061 0.104095563139932
0 0.727272727272727 0.948805460750853 0.0872727272727273 0.10580204778157