0 0.244242424242424 0.228668941979522 0.0787878787878788 0.0955631399317406
0 0.335151515151515 0.277303754266212 0.0715151515151515 0.0870307167235495
0 0.423636363636364 0.193686006825939 0.0836363636363636 0.0972696245733788
0 0.527878787878788 0.255119453924915 0.0787878787878788 0.0904436860068259
0 0.456363636363636 0.345563139931741 0.0787878787878788 0.0938566552901024
0 0.637575757575758 0.34641638225256 0.123636363636364 0.150170648464164
0 0.224848484848485 0.428327645051195 0.056969696969697 0.0784982935153584
0 0.289090909090909 0.418941979522184 0.0666666666666667 0.0767918088737201
0 0.458181818181818 0.489761092150171 0.0509090909090909 0.068259385665529
0 0.506666666666667 0.45221843003413 0.0533333333333333 0.0614334470989761
0 0.578181818181818 0.482935153583618 0.0751515151515152 0.0955631399317406
0 0.658181818181818 0.561433447098976 0.0751515151515152 0.0989761092150171
0 0.530909090909091 0.610921501706485 0.0678787878787879 0.0887372013651877
0 0.601212121212121 0.672354948805461 0.0751515151515152 0.0955631399317406
0 0.422424242424242 0.681740614334471 0.0836363636363636 0.100682593856655
0 0.376363636363636 0.555460750853242 0.0739393939393939 0.0870307167235495
0 0.258181818181818 0.640784982935154 0.0654545454545455 0.0767918088737201
0 0.313939393939394 0.708191126279863 0.0654545454545455 0.0887372013651877