0 0.245454545454545 0.23122866894198 0.0715151515151515 0.083617747440273
0 0.337575757575758 0.284982935153584 0.0787878787878788 0.0955631399317406
0 0.423030303030303 0.193686006825939 0.0654545454545455 0.083617747440273
0 0.455151515151515 0.348122866894198 0.0690909090909091 0.0921501706484642
0 0.528484848484848 0.251706484641638 0.0727272727272727 0.0870307167235495
0 0.638181818181818 0.344709897610922 0.12 0.146757679180887
0 0.660606060606061 0.563993174061433 0.0751515151515152 0.100682593856655
0 0.600606060606061 0.675767918088737 0.0739393939393939 0.0989761092150171
0 0.584848484848485 0.489761092150171 0.0739393939393939 0.0989761092150171
0 0.534545454545455 0.608361774744027 0.0775757575757576 0.0904436860068259
0 0.507272727272727 0.456484641638225 0.0521212121212121 0.0699658703071672
0 0.458181818181818 0.487201365187713 0.0509090909090909 0.052901023890785
0 0.381212121212121 0.556313993174061 0.0666666666666667 0.102389078498294
0 0.427878787878788 0.686006825938567 0.0872727272727273 0.109215017064846
0 0.226060606060606 0.429180887372014 0.0666666666666667 0.0802047781569966
0 0.292121212121212 0.427474402730375 0.0654545454545455 0.0870307167235495
0 0.263030303030303 0.639931740614334 0.063030303030303 0.0887372013651877
0 0.311515151515152 0.703924914675768 0.0654545454545455 0.0870307167235495