0 0.25030303030303 0.23122866894198 0.0860606060606061 0.104095563139932
0 0.339393939393939 0.282423208191126 0.0727272727272727 0.083617747440273
0 0.427878787878788 0.193686006825939 0.08 0.0767918088737201
0 0.526060606060606 0.245733788395904 0.0727272727272727 0.0921501706484642
0 0.46 0.349829351535836 0.0763636363636364 0.102389078498294
0 0.644242424242424 0.347269624573379 0.132121212121212 0.148464163822526
0 0.227272727272727 0.422354948805461 0.056969696969697 0.0904436860068259
0 0.292727272727273 0.424914675767918 0.0715151515151515 0.0921501706484642
0 0.459393939393939 0.487201365187713 0.0460606060606061 0.0563139931740614
0 0.512121212121212 0.453071672354949 0.0496969696969697 0.0631399317406143
0 0.582424242424242 0.487201365187713 0.0666666666666667 0.0904436860068259
0 0.534545454545455 0.604948805460751 0.0678787878787879 0.0870307167235495
0 0.604848484848485 0.678327645051195 0.0678787878787879 0.100682593856655
0 0.664848484848485 0.565699658703072 0.0787878787878788 0.0938566552901024
0 0.386666666666667 0.554607508532423 0.0727272727272727 0.0955631399317406
0 0.428484848484848 0.68259385665529 0.0763636363636364 0.10580204778157
0 0.268484848484848 0.641638225255973 0.0496969696969697 0.068259385665529
0 0.316969696969697 0.703924914675768 0.0666666666666667 0.0870307167235495