0 0.239393939393939 0.226962457337884 0.0739393939393939 0.10580204778157
0 0.338181818181818 0.284982935153584 0.0727272727272727 0.0955631399317406
0 0.418181818181818 0.183447098976109 0.0775757575757576 0.104095563139932
0 0.456969696969697 0.344709897610922 0.0703030303030303 0.112627986348123
0 0.526060606060606 0.248293515358362 0.0727272727272727 0.100682593856655
0 0.633333333333333 0.352389078498294 0.112727272727273 0.158703071672355
0 0.453333333333333 0.487201365187713 0.0363636363636364 0.0563139931740614
0 0.503030303030303 0.448805460750853 0.0484848484848485 0.0648464163822526
0 0.576363636363636 0.488907849829352 0.0666666666666667 0.100682593856655
0 0.659393939393939 0.559726962457338 0.0775757575757576 0.0989761092150171
0 0.524848484848485 0.613481228668942 0.0654545454545455 0.0938566552901024
0 0.598181818181818 0.683447098976109 0.0739393939393939 0.104095563139932
0 0.424242424242424 0.681740614334471 0.0848484848484849 0.100682593856655
0 0.375151515151515 0.557167235494881 0.0739393939393939 0.0938566552901024
0 0.294545454545455 0.425767918088737 0.0678787878787879 0.0904436860068259
0 0.227272727272727 0.424914675767918 0.0593939393939394 0.0887372013651877
0 0.263030303030303 0.641638225255973 0.0654545454545455 0.0819112627986348
0 0.313939393939394 0.709897610921502 0.0678787878787879 0.0921501706484642