0 0.238787878787879 0.232081911262799 0.0751515151515152 0.0989761092150171
0 0.333939393939394 0.284982935153584 0.0763636363636364 0.0853242320819113
0 0.423030303030303 0.1919795221843 0.0751515151515152 0.0938566552901024
0 0.527878787878788 0.253412969283276 0.0763636363636364 0.0904436860068259
0 0.457575757575758 0.343003412969283 0.0715151515151515 0.0853242320819113
0 0.635151515151515 0.343856655290102 0.113939393939394 0.138225255972696
0 0.656969696969697 0.552901023890785 0.0727272727272727 0.0921501706484642
0 0.604848484848485 0.680034129692833 0.0872727272727273 0.104095563139932
0 0.575151515151515 0.48122866894198 0.0715151515151515 0.10580204778157
0 0.532121212121212 0.604948805460751 0.063030303030303 0.0938566552901024
0 0.506666666666667 0.449658703071672 0.0509090909090909 0.0699658703071672
0 0.456363636363636 0.485494880546075 0.0521212121212121 0.0699658703071672
0 0.38 0.559726962457338 0.0787878787878788 0.102389078498294
0 0.418787878787879 0.685153583617747 0.0739393939393939 0.107508532423208
0 0.224848484848485 0.433447098976109 0.0715151515151515 0.0887372013651877
0 0.294545454545455 0.429180887372014 0.0678787878787879 0.0870307167235495
0 0.261818181818182 0.646757679180887 0.0727272727272727 0.0819112627986348
0 0.32 0.712457337883959 0.0775757575757576 0.0870307167235495