0 0.239393939393939 0.223549488054608 0.0739393939393939 0.102389078498294
0 0.335151515151515 0.277303754266212 0.0836363636363636 0.107508532423208
0 0.425454545454545 0.1919795221843 0.0848484848484849 0.100682593856655
0 0.527272727272727 0.252559726962457 0.0751515151515152 0.0989761092150171
0 0.640606060606061 0.348976109215017 0.127272727272727 0.162116040955631
0 0.456969696969697 0.34641638225256 0.0751515151515152 0.0921501706484642
0 0.656363636363636 0.558873720136519 0.0763636363636364 0.100682593856655
0 0.606060606060606 0.680887372013652 0.0727272727272727 0.109215017064846
0 0.58 0.488907849829352 0.0739393939393939 0.0972696245733788
0 0.533939393939394 0.613481228668942 0.0787878787878788 0.100682593856655
0 0.512727272727273 0.457337883959044 0.0581818181818182 0.068259385665529
0 0.455151515151515 0.487201365187713 0.0424242424242424 0.0597269624573379
0 0.384242424242424 0.559726962457338 0.08 0.0955631399317406
0 0.426060606060606 0.686860068259386 0.0860606060606061 0.104095563139932
0 0.310909090909091 0.707337883959044 0.0763636363636364 0.0802047781569966
0 0.261212121212121 0.642491467576792 0.0690909090909091 0.083617747440273
0 0.290909090909091 0.424061433447099 0.063030303030303 0.083617747440273
0 0.221818181818182 0.433447098976109 0.063030303030303 0.0819112627986348