0 0.680606060606061 0.918088737201365 0.0836363636363636 0.0989761092150171
0 0.563636363636364 0.89419795221843 0.0775757575757576 0.0989761092150171
0 0.354545454545455 0.873720136518771 0.100606060606061 0.126279863481229
0 0.175151515151515 0.849829351535836 0.0739393939393939 0.0955631399317406
0 0.269090909090909 0.773037542662116 0.0727272727272727 0.0955631399317406
0 0.353333333333333 0.736348122866894 0.0739393939393939 0.0938566552901024
0 0.223636363636364 0.685153583617747 0.0909090909090909 0.12457337883959
0 0.177575757575758 0.526450511945393 0.0812121212121212 0.110921501706485
0 0.335151515151515 0.582764505119454 0.0884848484848485 0.145051194539249
0 0.437575757575758 0.604095563139932 0.0945454545454545 0.133105802047782
0 0.532727272727273 0.674061433447099 0.0787878787878788 0.102389078498294
0 0.796969696969697 0.713310580204778 0.0836363636363636 0.10580204778157
0 0.680606060606061 0.643344709897611 0.0642424242424242 0.10580204778157
0 0.607878787878788 0.602389078498293 0.0763636363636364 0.109215017064846
0 0.543030303030303 0.550341296928328 0.0775757575757576 0.117747440273038
0 0.476363636363636 0.499146757679181 0.0654545454545455 0.100682593856655
0 0.393333333333333 0.466723549488055 0.0909090909090909 0.121160409556314
0 0.257575757575758 0.430034129692833 0.0763636363636364 0.0989761092150171
0 0.219393939393939 0.306313993174061 0.0751515151515152 0.104095563139932
0 0.232727272727273 0.171501706484642 0.0678787878787879 0.104095563139932
0 0.34 0.294368600682594 0.12 0.175767918088737
0 0.757575757575758 0.584470989761092 0.106666666666667 0.13481228668942
0 0.681818181818182 0.516211604095563 0.0690909090909091 0.104095563139932
0 0.604848484848485 0.467576791808874 0.0654545454545455 0.0955631399317406
0 0.762424242424242 0.465017064846416 0.0848484848484849 0.104095563139932
0 0.695757575757576 0.382252559726962 0.0872727272727273 0.112627986348123
0 0.618181818181818 0.345563139931741 0.0727272727272727 0.0904436860068259
0 0.685454545454545 0.253412969283276 0.0739393939393939 0.0938566552901024
0 0.596363636363636 0.197952218430034 0.08 0.0989761092150171
0 0.495757575757576 0.204778156996587 0.0751515151515152 0.0921501706484642
0 0.452727272727273 0.282423208191126 0.0666666666666667 0.0972696245733788
0 0.520606060606061 0.299488054607509 0.0690909090909091 0.0904436860068259
0 0.466060606060606 0.372866894197952 0.0715151515151515 0.0938566552901024
0 0.538181818181818 0.396757679180887 0.0703030303030303 0.0972696245733788