0 0.383030303030303 0.220136518771331 0.096969696969697 0.126279863481229
0 0.46 0.204778156996587 0.0909090909090909 0.129692832764505
0 0.562424242424242 0.162116040955631 0.08 0.102389078498294
0 0.683030303030303 0.188566552901024 0.0739393939393939 0.104095563139932
0 0.61030303030303 0.267064846416382 0.0763636363636364 0.0904436860068259
0 0.582424242424242 0.356655290102389 0.0642424242424242 0.0955631399317406
0 0.305454545454545 0.433447098976109 0.0703030303030303 0.0887372013651877
0 0.636969696969697 0.470136518771331 0.0690909090909091 0.0938566552901024
0 0.707272727272727 0.524744027303754 0.0860606060606061 0.100682593856655
0 0.755151515151515 0.678327645051195 0.0824242424242424 0.100682593856655
0 0.844242424242424 0.754266211604096 0.0836363636363636 0.102389078498294
0 0.546666666666667 0.564846416382253 0.0654545454545455 0.0887372013651877
0 0.431515151515152 0.621160409556314 0.0703030303030303 0.0921501706484642
0 0.525454545454546 0.694539249146758 0.0715151515151515 0.0887372013651877
0 0.474545454545455 0.777303754266212 0.0690909090909091 0.107508532423208
0 0.288484848484849 0.697952218430034 0.106666666666667 0.129692832764505
0 0.660606060606061 0.906143344709898 0.0751515151515152 0.102389078498294