0 0.381212121212121 0.215017064846416 0.0836363636363636 0.116040955631399
0 0.466060606060606 0.206484641638225 0.0933333333333333 0.116040955631399
0 0.560606060606061 0.16382252559727 0.0715151515151515 0.112627986348123
0 0.684848484848485 0.185153583617747 0.0824242424242424 0.110921501706485
0 0.607878787878788 0.258532423208191 0.0690909090909091 0.0972696245733788
0 0.578787878787879 0.351535836177474 0.0812121212121212 0.109215017064846
0 0.292121212121212 0.429180887372014 0.08 0.0938566552901024
0 0.635757575757576 0.466723549488055 0.0763636363636364 0.0972696245733788
0 0.704848484848485 0.525597269624573 0.0690909090909091 0.0921501706484642
0 0.759393939393939 0.676621160409556 0.0739393939393939 0.100682593856655
0 0.840606060606061 0.75 0.0715151515151515 0.104095563139932
0 0.656969696969697 0.904436860068259 0.0727272727272727 0.10580204778157
0 0.543636363636364 0.563139931740614 0.0739393939393939 0.0955631399317406
0 0.52969696969697 0.700511945392492 0.0751515151515152 0.100682593856655
0 0.477575757575758 0.782423208191126 0.063030303030303 0.0904436860068259
0 0.429090909090909 0.618600682593857 0.0678787878787879 0.100682593856655
0 0.285454545454545 0.70221843003413 0.0981818181818182 0.131399317406143