0 0.374545454545455 0.215017064846416 0.0993939393939394 0.119453924914676
0 0.462424242424242 0.201365187713311 0.0787878787878788 0.112627986348123
0 0.560606060606061 0.168941979522184 0.0666666666666667 0.0955631399317406
0 0.687878787878788 0.187713310580205 0.0763636363636364 0.10580204778157
0 0.605454545454545 0.258532423208191 0.0763636363636364 0.0904436860068259
0 0.573333333333333 0.352389078498294 0.0703030303030303 0.104095563139932
0 0.632727272727273 0.471843003412969 0.0654545454545455 0.0972696245733788
0 0.704848484848485 0.522184300341297 0.0715151515151515 0.10580204778157
0 0.293333333333333 0.430887372013652 0.0775757575757576 0.0938566552901024
0 0.286666666666667 0.700511945392492 0.117575757575758 0.131399317406143
0 0.424242424242424 0.621160409556314 0.0775757575757576 0.0989761092150171
0 0.546060606060606 0.569112627986348 0.0836363636363636 0.100682593856655
0 0.52969696969697 0.697098976109215 0.0727272727272727 0.104095563139932
0 0.475151515151515 0.77901023890785 0.0727272727272727 0.0938566552901024
0 0.754545454545455 0.680034129692833 0.0812121212121212 0.0972696245733788
0 0.841818181818182 0.757679180887372 0.0763636363636364 0.0955631399317406
0 0.662424242424242 0.912116040955631 0.0739393939393939 0.104095563139932