0 0.234545454545455 0.166382252559727 0.0739393939393939 0.104095563139932
0 0.229090909090909 0.31740614334471 0.0824242424242424 0.102389078498294
0 0.261818181818182 0.435153583617747 0.0848484848484849 0.0955631399317406
0 0.173939393939394 0.534129692832764 0.0933333333333333 0.0955631399317406
0 0.221212121212121 0.679180887372014 0.107878787878788 0.119453924914676
0 0.174545454545455 0.847269624573379 0.08 0.0938566552901024
0 0.273333333333333 0.776450511945393 0.0812121212121212 0.0921501706484642
0 0.353939393939394 0.737201365187713 0.0775757575757576 0.0853242320819113
0 0.344242424242424 0.871160409556314 0.104242424242424 0.12457337883959
0 0.335151515151515 0.583617747440273 0.105454545454545 0.146757679180887
0 0.397575757575758 0.472696245733788 0.0775757575757576 0.122866894197952
0 0.338181818181818 0.300341296928328 0.130909090909091 0.174061433447099
0 0.56969696969697 0.89419795221843 0.0703030303030303 0.0989761092150171
0 0.672121212121212 0.918088737201365 0.0739393939393939 0.0955631399317406
0 0.794545454545455 0.724402730375427 0.0884848484848485 0.100682593856655
0 0.436363636363636 0.604948805460751 0.0824242424242424 0.114334470989761
0 0.529090909090909 0.677474402730375 0.0812121212121212 0.0955631399317406
0 0.684848484848485 0.647610921501707 0.063030303030303 0.0938566552901024
0 0.601818181818182 0.604095563139932 0.0860606060606061 0.116040955631399
0 0.538787878787879 0.548634812286689 0.0763636363636364 0.0972696245733788
0 0.472727272727273 0.500853242320819 0.0678787878787879 0.0938566552901024
0 0.471515151515152 0.377133105802048 0.0678787878787879 0.0989761092150171
0 0.538787878787879 0.401023890784983 0.0739393939393939 0.10580204778157
0 0.603636363636364 0.469283276450512 0.0678787878787879 0.10580204778157
0 0.683636363636364 0.517064846416382 0.0654545454545455 0.0955631399317406
0 0.753939393939394 0.580204778156997 0.096969696969697 0.129692832764505
0 0.760606060606061 0.458191126279863 0.0763636363636364 0.100682593856655
0 0.692727272727273 0.377133105802048 0.0860606060606061 0.112627986348123
0 0.616363636363636 0.343003412969283 0.0739393939393939 0.0989761092150171
0 0.52969696969697 0.305460750853242 0.063030303030303 0.0853242320819113
0 0.455151515151515 0.28839590443686 0.0642424242424242 0.0784982935153584
0 0.495757575757576 0.199658703071672 0.0703030303030303 0.0989761092150171
0 0.593333333333333 0.198805460750853 0.0715151515151515 0.104095563139932
0 0.687878787878788 0.260238907849829 0.0763636363636364 0.110921501706485