0 0.378787878787879 0.215870307167235 0.0909090909090909 0.117747440273038
0 0.461212121212121 0.203924914675768 0.0860606060606061 0.107508532423208
0 0.562424242424242 0.172354948805461 0.0824242424242424 0.112627986348123
0 0.679393939393939 0.179180887372014 0.0642424242424242 0.102389078498294
0 0.607272727272727 0.261945392491468 0.0678787878787879 0.100682593856655
0 0.580606060606061 0.354948805460751 0.08 0.102389078498294
0 0.297575757575758 0.433447098976109 0.0666666666666667 0.102389078498294
0 0.632727272727273 0.467576791808874 0.0727272727272727 0.102389078498294
0 0.709090909090909 0.528156996587031 0.0775757575757576 0.100682593856655
0 0.846060606060606 0.760238907849829 0.0775757575757576 0.0972696245733788
0 0.760606060606061 0.680034129692833 0.0787878787878788 0.100682593856655
0 0.655151515151515 0.914675767918089 0.0812121212121212 0.102389078498294
0 0.544848484848485 0.563139931740614 0.0739393939393939 0.0955631399317406
0 0.526060606060606 0.692832764505119 0.0775757575757576 0.0955631399317406
0 0.476363636363636 0.783276450511945 0.0678787878787879 0.10580204778157
0 0.425454545454545 0.606655290102389 0.0727272727272727 0.114334470989761
0 0.285454545454545 0.701365187713311 0.100606060606061 0.136518771331058