0 0.379393939393939 0.21160409556314 0.0848484848484849 0.10580204778157
0 0.463636363636364 0.203924914675768 0.0860606060606061 0.12457337883959
0 0.566666666666667 0.174061433447099 0.0836363636363636 0.102389078498294
0 0.69030303030303 0.189419795221843 0.0787878787878788 0.102389078498294
0 0.604848484848485 0.267064846416382 0.0727272727272727 0.0870307167235495
0 0.581818181818182 0.360921501706485 0.0824242424242424 0.0972696245733788
0 0.636969696969697 0.466723549488055 0.0763636363636364 0.100682593856655
0 0.713333333333333 0.522184300341297 0.0787878787878788 0.109215017064846
0 0.753939393939394 0.683447098976109 0.0727272727272727 0.104095563139932
0 0.841818181818182 0.750853242320819 0.0787878787878788 0.102389078498294
0 0.658787878787879 0.912116040955631 0.0812121212121212 0.0972696245733788
0 0.544848484848485 0.564846416382253 0.0763636363636364 0.0955631399317406
0 0.526060606060606 0.697098976109215 0.0775757575757576 0.104095563139932
0 0.476969696969697 0.786689419795222 0.0666666666666667 0.0921501706484642
0 0.426060606060606 0.621160409556314 0.0739393939393939 0.109215017064846
0 0.299393939393939 0.429180887372014 0.0727272727272727 0.0972696245733788
0 0.286666666666667 0.701365187713311 0.0981818181818182 0.122866894197952