0 0.383030303030303 0.214163822525597 0.0775757575757576 0.114334470989761
0 0.462424242424242 0.20221843003413 0.0860606060606061 0.117747440273038
0 0.558787878787879 0.168088737201365 0.08 0.100682593856655
0 0.681212121212121 0.185153583617747 0.0727272727272727 0.0938566552901024
0 0.612121212121212 0.26962457337884 0.0751515151515152 0.0819112627986348
0 0.573333333333333 0.356655290102389 0.096969696969697 0.112627986348123
0 0.64 0.475255972696246 0.0824242424242424 0.100682593856655
0 0.712727272727273 0.529863481228669 0.0775757575757576 0.0938566552901024
0 0.753333333333333 0.679180887372014 0.0666666666666667 0.0921501706484642
0 0.843636363636364 0.754266211604096 0.08 0.0887372013651877
0 0.653939393939394 0.901877133105802 0.0763636363636364 0.0972696245733788
0 0.548484848484848 0.569112627986348 0.0812121212121212 0.104095563139932
0 0.531515151515152 0.698805460750853 0.0884848484848485 0.110921501706485
0 0.473939393939394 0.781569965870307 0.0654545454545455 0.0887372013651877
0 0.427878787878788 0.609215017064846 0.0727272727272727 0.109215017064846
0 0.293939393939394 0.426621160409556 0.0763636363636364 0.0853242320819113
0 0.284848484848485 0.704778156996587 0.0993939393939394 0.129692832764505