0 0.235757575757576 0.174061433447099 0.0787878787878788 0.0989761092150171
0 0.226060606060606 0.318259385665529 0.0739393939393939 0.104095563139932
0 0.253333333333333 0.433447098976109 0.0775757575757576 0.0784982935153584
0 0.178181818181818 0.532423208191126 0.0775757575757576 0.102389078498294
0 0.228484848484848 0.680034129692833 0.0981818181818182 0.117747440273038
0 0.272727272727273 0.777303754266212 0.0727272727272727 0.0904436860068259
0 0.178787878787879 0.849829351535836 0.0763636363636364 0.0853242320819113
0 0.355151515151515 0.862627986348123 0.096969696969697 0.127986348122867
0 0.353939393939394 0.732081911262799 0.0606060606060606 0.0887372013651877
0 0.336363636363636 0.587883959044369 0.105454545454545 0.138225255972696
0 0.34 0.303754266211604 0.122424242424242 0.170648464163823
0 0.392727272727273 0.473549488054608 0.08 0.127986348122867
0 0.433939393939394 0.610921501706485 0.0872727272727273 0.116040955631399
0 0.531515151515152 0.677474402730375 0.0812121212121212 0.109215017064846
0 0.56969696969697 0.895051194539249 0.0654545454545455 0.107508532423208
0 0.675151515151515 0.918088737201365 0.0896969696969697 0.116040955631399
0 0.791515151515152 0.718430034129693 0.0751515151515152 0.122866894197952
0 0.684242424242424 0.646757679180887 0.0593939393939394 0.10580204778157
0 0.611515151515152 0.610921501706485 0.0763636363636364 0.129692832764505
0 0.541818181818182 0.548634812286689 0.0678787878787879 0.104095563139932
0 0.475757575757576 0.494880546075085 0.0666666666666667 0.10580204778157
0 0.753939393939394 0.585324232081911 0.0872727272727273 0.136518771331058
0 0.766666666666667 0.460750853242321 0.0909090909090909 0.122866894197952
0 0.686666666666667 0.517064846416382 0.0690909090909091 0.0989761092150171
0 0.7 0.380546075085324 0.0884848484848485 0.126279863481229
0 0.61030303030303 0.469283276450512 0.0715151515151515 0.102389078498294
0 0.613333333333333 0.33703071672355 0.0824242424242424 0.110921501706485
0 0.684848484848485 0.255119453924915 0.0654545454545455 0.0938566552901024
0 0.598181818181818 0.20221843003413 0.0860606060606061 0.0972696245733788
0 0.523030303030303 0.3080204778157 0.0666666666666667 0.100682593856655
0 0.541818181818182 0.40358361774744 0.0727272727272727 0.100682593856655
0 0.46969696969697 0.371160409556314 0.0666666666666667 0.0802047781569966
0 0.453939393939394 0.283276450511945 0.0787878787878788 0.0921501706484642
0 0.497575757575758 0.203071672354949 0.0739393939393939 0.102389078498294