0 0.236363636363636 0.169795221843003 0.08 0.0972696245733788
0 0.221818181818182 0.309726962457338 0.0848484848484849 0.110921501706485
0 0.26 0.429180887372014 0.0666666666666667 0.0904436860068259
0 0.175151515151515 0.533276450511945 0.0860606060606061 0.0904436860068259
0 0.221212121212121 0.678327645051195 0.0933333333333333 0.121160409556314
0 0.176969696969697 0.854948805460751 0.0678787878787879 0.0853242320819113
0 0.264242424242424 0.770477815699659 0.0751515151515152 0.0904436860068259
0 0.352121212121212 0.729522184300341 0.0787878787878788 0.0904436860068259
0 0.353333333333333 0.873720136518771 0.0981818181818182 0.119453924914676
0 0.332121212121212 0.584470989761092 0.106666666666667 0.138225255972696
0 0.34 0.295221843003413 0.12 0.16382252559727
0 0.396969696969697 0.472696245733788 0.0884848484848485 0.119453924914676
0 0.567878787878788 0.89419795221843 0.0739393939393939 0.10580204778157
0 0.675151515151515 0.916382252559727 0.0848484848484849 0.116040955631399
0 0.437575757575758 0.614334470989761 0.0848484848484849 0.136518771331058
0 0.531515151515152 0.672354948805461 0.0739393939393939 0.0921501706484642
0 0.795151515151515 0.72098976109215 0.0824242424242424 0.107508532423208
0 0.68 0.648464163822526 0.0678787878787879 0.102389078498294
0 0.604848484848485 0.609215017064846 0.0848484848484849 0.112627986348123
0 0.539393939393939 0.551194539249147 0.08 0.109215017064846
0 0.480606060606061 0.504266211604096 0.0690909090909091 0.0972696245733788
0 0.753333333333333 0.587883959044369 0.100606060606061 0.117747440273038
0 0.683030303030303 0.520477815699659 0.0690909090909091 0.102389078498294
0 0.761212121212121 0.467576791808874 0.0848484848484849 0.122866894197952
0 0.697575757575758 0.389078498293515 0.0884848484848485 0.10580204778157
0 0.687272727272727 0.256825938566553 0.0872727272727273 0.127986348122867
0 0.601818181818182 0.475255972696246 0.0739393939393939 0.104095563139932
0 0.613333333333333 0.342150170648464 0.0678787878787879 0.0938566552901024
0 0.54 0.397610921501707 0.0690909090909091 0.0989761092150171
0 0.470909090909091 0.377986348122867 0.0763636363636364 0.0938566552901024
0 0.452727272727273 0.284982935153584 0.0739393939393939 0.102389078498294
0 0.527272727272727 0.302901023890785 0.0751515151515152 0.0938566552901024
0 0.495151515151515 0.197098976109215 0.0715151515151515 0.0972696245733788
0 0.593939393939394 0.195392491467577 0.0824242424242424 0.110921501706485