0 0.238787878787879 0.174061433447099 0.0872727272727273 0.0955631399317406
0 0.226060606060606 0.313993174061433 0.0884848484848485 0.102389078498294
0 0.255757575757576 0.439419795221843 0.0751515151515152 0.0938566552901024
0 0.179393939393939 0.528156996587031 0.0896969696969697 0.104095563139932
0 0.221212121212121 0.683447098976109 0.0957575757575758 0.110921501706485
0 0.179393939393939 0.850682593856655 0.0678787878787879 0.0802047781569966
0 0.272727272727273 0.778156996587031 0.0848484848484849 0.102389078498294
0 0.352121212121212 0.741467576791809 0.0812121212121212 0.100682593856655
0 0.352727272727273 0.877986348122867 0.118787878787879 0.138225255972696
0 0.333333333333333 0.58617747440273 0.104242424242424 0.127986348122867
0 0.341818181818182 0.301194539249147 0.121212121212121 0.165529010238908
0 0.39030303030303 0.472696245733788 0.0921212121212121 0.126279863481229
0 0.575151515151515 0.899317406143345 0.0860606060606061 0.0955631399317406
0 0.682424242424242 0.922354948805461 0.0896969696969697 0.127986348122867
0 0.438787878787879 0.602389078498293 0.0848484848484849 0.116040955631399
0 0.530909090909091 0.672354948805461 0.0727272727272727 0.116040955631399
0 0.476969696969697 0.5 0.0715151515151515 0.0955631399317406
0 0.538181818181818 0.546928327645051 0.0654545454545455 0.104095563139932
0 0.608484848484849 0.604095563139932 0.0751515151515152 0.109215017064846
0 0.676363636363636 0.643344709897611 0.063030303030303 0.10580204778157
0 0.789090909090909 0.719283276450512 0.0775757575757576 0.114334470989761
0 0.755151515151515 0.58617747440273 0.0921212121212121 0.131399317406143
0 0.684242424242424 0.51962457337884 0.0739393939393939 0.104095563139932
0 0.760606060606061 0.464163822525597 0.0763636363636364 0.109215017064846
0 0.693333333333333 0.372866894197952 0.0775757575757576 0.121160409556314
0 0.684242424242424 0.250853242320819 0.0666666666666667 0.109215017064846
0 0.601818181818182 0.467576791808874 0.0787878787878788 0.0989761092150171
0 0.612727272727273 0.339590443686007 0.0690909090909091 0.0989761092150171
0 0.595757575757576 0.196245733788396 0.0836363636363636 0.10580204778157
0 0.537575757575758 0.397610921501707 0.0739393939393939 0.0955631399317406
0 0.524242424242424 0.301194539249147 0.0787878787878788 0.0904436860068259
0 0.494545454545455 0.201365187713311 0.08 0.10580204778157
0 0.453333333333333 0.283276450511945 0.0727272727272727 0.0955631399317406
0 0.469090909090909 0.378839590443686 0.0654545454545455 0.0989761092150171