0 0.223636363636364 0.166382252559727 0.0690909090909091 0.0904436860068259
0 0.344848484848485 0.0614334470989761 0.0933333333333333 0.112627986348123
0 0.441818181818182 0.0955631399317406 0.0715151515151515 0.0887372013651877
0 0.618181818181818 0.10580204778157 0.0775757575757576 0.0955631399317406
0 0.798181818181818 0.177474402730375 0.0787878787878788 0.0955631399317406
0 0.685454545454545 0.196245733788396 0.0739393939393939 0.0853242320819113
0 0.527878787878788 0.174914675767918 0.0763636363636364 0.0870307167235495
0 0.342424242424242 0.263651877133106 0.12969696969697 0.145051194539249
0 0.464848484848485 0.239761092150171 0.0884848484848485 0.0972696245733788
0 0.614545454545455 0.275597269624573 0.0848484848484849 0.104095563139932
0 0.701212121212121 0.311433447098976 0.0787878787878788 0.0904436860068259
0 0.804848484848485 0.408703071672355 0.101818181818182 0.12457337883959
0 0.630909090909091 0.395051194539249 0.0666666666666667 0.0904436860068259
0 0.54 0.333617747440273 0.0787878787878788 0.0904436860068259
0 0.46 0.340443686006826 0.0884848484848485 0.0972696245733788
0 0.258181818181818 0.395904436860068 0.08 0.0955631399317406
0 0.388484848484848 0.431740614334471 0.0884848484848485 0.112627986348123
0 0.470909090909091 0.467576791808874 0.0812121212121212 0.10580204778157
0 0.564848484848485 0.491467576791809 0.0945454545454545 0.109215017064846
0 0.661212121212121 0.501706484641638 0.0812121212121212 0.10580204778157
0 0.81030303030303 0.546075085324232 0.0981818181818182 0.133105802047782
0 0.727272727272727 0.707337883959044 0.0824242424242424 0.110921501706485
0 0.640606060606061 0.640784982935154 0.0787878787878788 0.104095563139932
0 0.53030303030303 0.598122866894198 0.0787878787878788 0.0938566552901024
0 0.430909090909091 0.589590443686007 0.0860606060606061 0.104095563139932
0 0.328484848484848 0.558873720136519 0.101818181818182 0.13481228668942
0 0.172727272727273 0.486348122866894 0.0836363636363636 0.102389078498294
0 0.181212121212121 0.620307167235495 0.0763636363636364 0.0972696245733788
0 0.279393939393939 0.667235494880546 0.0787878787878788 0.0955631399317406
0 0.371515151515152 0.722696245733788 0.0836363636363636 0.0904436860068259
0 0.501212121212121 0.743174061433447 0.0763636363636364 0.100682593856655
0 0.598787878787879 0.787542662116041 0.0727272727272727 0.100682593856655
0 0.691515151515152 0.815699658703072 0.0787878787878788 0.102389078498294
0 0.514545454545455 0.873720136518771 0.0860606060606061 0.10580204778157
0 0.430909090909091 0.835324232081911 0.0860606060606061 0.0938566552901024
0 0.327878787878788 0.860068259385666 0.105454545454545 0.126279863481229
0 0.236363636363636 0.792662116040956 0.0824242424242424 0.0904436860068259