0 0.231515151515152 0.167235494880546 0.08 0.0955631399317406
0 0.218787878787879 0.310580204778157 0.0715151515151515 0.112627986348123
0 0.256363636363636 0.437713310580205 0.0739393939393939 0.0904436860068259
0 0.175151515151515 0.52901023890785 0.0860606060606061 0.0921501706484642
0 0.221212121212121 0.683447098976109 0.0909090909090909 0.117747440273038
0 0.178787878787879 0.852389078498293 0.0787878787878788 0.0938566552901024
0 0.270909090909091 0.784129692832764 0.0787878787878788 0.104095563139932
0 0.34969696969697 0.733788395904437 0.0787878787878788 0.0887372013651877
0 0.351515151515152 0.877133105802048 0.109090909090909 0.129692832764505
0 0.332121212121212 0.582764505119454 0.096969696969697 0.13481228668942
0 0.398181818181818 0.469283276450512 0.0957575757575758 0.10580204778157
0 0.343636363636364 0.299488054607509 0.132121212121212 0.168941979522184
0 0.573333333333333 0.895904436860068 0.0775757575757576 0.102389078498294
0 0.673333333333333 0.914675767918089 0.0884848484848485 0.119453924914676
0 0.436363636363636 0.612627986348123 0.0775757575757576 0.119453924914676
0 0.528484848484848 0.675767918088737 0.0678787878787879 0.0989761092150171
0 0.795151515151515 0.719283276450512 0.08 0.107508532423208
0 0.685454545454545 0.64419795221843 0.0666666666666667 0.0938566552901024
0 0.604848484848485 0.610068259385666 0.0727272727272727 0.107508532423208
0 0.544242424242424 0.548634812286689 0.0727272727272727 0.100682593856655
0 0.476969696969697 0.501706484641638 0.0715151515151515 0.109215017064846
0 0.471515151515152 0.376279863481229 0.0727272727272727 0.0972696245733788
0 0.54 0.397610921501707 0.0715151515151515 0.10580204778157
0 0.602424242424242 0.471843003412969 0.063030303030303 0.0972696245733788
0 0.684242424242424 0.517064846416382 0.0739393939393939 0.102389078498294
0 0.755757575757576 0.588737201365188 0.100606060606061 0.133105802047782
0 0.758181818181818 0.458191126279863 0.0763636363636364 0.104095563139932
0 0.691515151515152 0.377133105802048 0.0884848484848485 0.109215017064846
0 0.617575757575758 0.348122866894198 0.0739393939393939 0.0955631399317406
0 0.523636363636364 0.300341296928328 0.0703030303030303 0.0887372013651877
0 0.455151515151515 0.286689419795222 0.0642424242424242 0.0887372013651877
0 0.526666666666667 0.298634812286689 0.0715151515151515 0.0853242320819113
0 0.614545454545455 0.338737201365188 0.0678787878787879 0.0938566552901024
0 0.695757575757576 0.379692832764505 0.0872727272727273 0.121160409556314
0 0.76 0.458191126279863 0.08 0.104095563139932
0 0.687878787878788 0.261092150170648 0.0739393939393939 0.0989761092150171
0 0.595757575757576 0.203924914675768 0.0763636363636364 0.107508532423208
0 0.496363636363636 0.203924914675768 0.0690909090909091 0.100682593856655