0 0.232727272727273 0.178327645051195 0.0654545454545455 0.0938566552901024
0 0.225454545454545 0.313139931740614 0.0678787878787879 0.0972696245733788
0 0.258787878787879 0.430034129692833 0.0593939393939394 0.0921501706484642
0 0.177575757575758 0.533276450511945 0.0981818181818182 0.100682593856655
0 0.223030303030303 0.684300341296928 0.0945454545454545 0.112627986348123
0 0.18 0.850682593856655 0.0666666666666667 0.0870307167235495
0 0.265454545454545 0.774744027303754 0.0678787878787879 0.0819112627986348
0 0.353939393939394 0.877133105802048 0.101818181818182 0.126279863481229
0 0.351515151515152 0.734641638225256 0.0727272727272727 0.0972696245733788
0 0.336969696969697 0.583617747440273 0.0921212121212121 0.136518771331058
0 0.396363636363636 0.469283276450512 0.0824242424242424 0.122866894197952
0 0.341818181818182 0.299488054607509 0.133333333333333 0.165529010238908
0 0.566060606060606 0.889931740614334 0.0727272727272727 0.107508532423208
0 0.679393939393939 0.924914675767918 0.0715151515151515 0.112627986348123
0 0.435151515151515 0.604948805460751 0.0824242424242424 0.114334470989761
0 0.533939393939394 0.679180887372014 0.0715151515151515 0.102389078498294
0 0.791515151515152 0.710750853242321 0.08 0.117747440273038
0 0.69030303030303 0.699658703071672 0.0812121212121212 0.0989761092150171
0 0.607272727272727 0.609215017064846 0.0848484848484849 0.10580204778157
0 0.538181818181818 0.550341296928328 0.0678787878787879 0.0938566552901024
0 0.479393939393939 0.504266211604096 0.0763636363636364 0.100682593856655
0 0.473939393939394 0.372866894197952 0.0678787878787879 0.0904436860068259
0 0.536363636363636 0.39419795221843 0.0690909090909091 0.10580204778157
0 0.602424242424242 0.465017064846416 0.0678787878787879 0.104095563139932
0 0.682424242424242 0.516211604095563 0.0678787878787879 0.100682593856655
0 0.751515151515151 0.581911262798635 0.0872727272727273 0.139931740614334
0 0.757575757575758 0.46160409556314 0.0872727272727273 0.100682593856655
0 0.698787878787879 0.383959044368601 0.0884848484848485 0.116040955631399
0 0.615151515151515 0.33703071672355 0.0690909090909091 0.0972696245733788
0 0.526666666666667 0.302047781569966 0.0739393939393939 0.0921501706484642
0 0.454545454545455 0.291808873720137 0.0703030303030303 0.0887372013651877
0 0.490909090909091 0.206484641638225 0.0654545454545455 0.0887372013651877
0 0.593333333333333 0.205631399317406 0.0763636363636364 0.0904436860068259
0 0.691515151515152 0.261945392491468 0.0812121212121212 0.107508532423208