0 0.232121212121212 0.17320819112628 0.0739393939393939 0.0972696245733788
0 0.217575757575758 0.307167235494881 0.0690909090909091 0.102389078498294
0 0.252727272727273 0.435153583617747 0.0763636363636364 0.10580204778157
0 0.173333333333333 0.530716723549488 0.0751515151515152 0.0955631399317406
0 0.221818181818182 0.680034129692833 0.101818181818182 0.121160409556314
0 0.178181818181818 0.852389078498293 0.08 0.0972696245733788
0 0.269090909090909 0.778156996587031 0.0751515151515152 0.0955631399317406
0 0.347878787878788 0.87542662116041 0.096969696969697 0.126279863481229
0 0.356969696969697 0.74061433447099 0.0739393939393939 0.102389078498294
0 0.337575757575758 0.581911262798635 0.0933333333333333 0.146757679180887
0 0.393939393939394 0.469283276450512 0.0848484848484849 0.126279863481229
0 0.339393939393939 0.300341296928328 0.123636363636364 0.160409556313993
0 0.566060606060606 0.89419795221843 0.0727272727272727 0.109215017064846
0 0.681212121212121 0.925767918088737 0.0896969696969697 0.110921501706485
0 0.437575757575758 0.61518771331058 0.0824242424242424 0.12457337883959
0 0.534545454545455 0.679180887372014 0.0727272727272727 0.102389078498294
0 0.694545454545455 0.70221843003413 0.0703030303030303 0.0904436860068259
0 0.790909090909091 0.714163822525597 0.0860606060606061 0.104095563139932
0 0.610909090909091 0.604948805460751 0.08 0.110921501706485
0 0.544242424242424 0.553754266211604 0.0703030303030303 0.104095563139932
0 0.475151515151515 0.497440273037543 0.0775757575757576 0.104095563139932
0 0.47030303030303 0.37542662116041 0.0678787878787879 0.0887372013651877
0 0.540606060606061 0.402730375426621 0.0703030303030303 0.102389078498294
0 0.607272727272727 0.468430034129693 0.0727272727272727 0.0972696245733788
0 0.683636363636364 0.51962457337884 0.0727272727272727 0.0972696245733788
0 0.75030303030303 0.580204778156997 0.08 0.122866894197952
0 0.76 0.463310580204778 0.0751515151515152 0.0972696245733788
0 0.692727272727273 0.377133105802048 0.0812121212121212 0.112627986348123
0 0.621212121212121 0.343003412969283 0.0739393939393939 0.0887372013651877
0 0.69030303030303 0.255972696245734 0.0787878787878788 0.0955631399317406
0 0.592727272727273 0.203071672354949 0.0775757575757576 0.102389078498294
0 0.493333333333333 0.206484641638225 0.0824242424242424 0.0989761092150171