0 0.233333333333333 0.178327645051195 0.0812121212121212 0.104095563139932
0 0.218181818181818 0.313139931740614 0.0703030303030303 0.0938566552901024
0 0.252727272727273 0.436860068259386 0.0787878787878788 0.0955631399317406
0 0.177575757575758 0.532423208191126 0.0812121212121212 0.102389078498294
0 0.215757575757576 0.685153583617747 0.0921212121212121 0.114334470989761
0 0.172727272727273 0.852389078498293 0.0787878787878788 0.0870307167235495
0 0.264848484848485 0.774744027303754 0.0715151515151515 0.0819112627986348
0 0.35030303030303 0.872866894197952 0.0896969696969697 0.114334470989761
0 0.345454545454545 0.726109215017065 0.0775757575757576 0.100682593856655
0 0.328484848484848 0.589590443686007 0.101818181818182 0.13481228668942
0 0.39030303030303 0.470136518771331 0.0872727272727273 0.117747440273038
0 0.334545454545455 0.302901023890785 0.126060606060606 0.158703071672355
0 0.571515151515152 0.89419795221843 0.0909090909090909 0.102389078498294
0 0.674545454545455 0.912969283276451 0.0860606060606061 0.136518771331058
0 0.441212121212121 0.609215017064846 0.0848484848484849 0.122866894197952
0 0.52969696969697 0.674914675767918 0.0751515151515152 0.100682593856655
0 0.69030303030303 0.699658703071672 0.0812121212121212 0.0921501706484642
0 0.793333333333333 0.722696245733788 0.0836363636363636 0.110921501706485
0 0.605454545454545 0.611774744027304 0.0812121212121212 0.110921501706485
0 0.537575757575758 0.551194539249147 0.0618181818181818 0.0887372013651877
0 0.475757575757576 0.495733788395904 0.0715151515151515 0.0870307167235495
0 0.752121212121212 0.584470989761092 0.0860606060606061 0.127986348122867
0 0.681212121212121 0.518771331058021 0.0581818181818182 0.0921501706484642
0 0.609090909090909 0.468430034129693 0.0642424242424242 0.0938566552901024
0 0.538181818181818 0.401023890784983 0.0751515151515152 0.102389078498294
0 0.471515151515152 0.383105802047782 0.08 0.0972696245733788
0 0.758787878787879 0.465870307167235 0.0848484848484849 0.122866894197952
0 0.692727272727273 0.382252559726962 0.0812121212121212 0.116040955631399
0 0.60969696969697 0.340443686006826 0.063030303030303 0.0972696245733788
0 0.523030303030303 0.301194539249147 0.0763636363636364 0.0972696245733788
0 0.452727272727273 0.286689419795222 0.0739393939393939 0.0989761092150171
0 0.688484848484848 0.262798634812287 0.08 0.102389078498294
0 0.595151515151515 0.200511945392491 0.0848484848484849 0.0972696245733788
0 0.494545454545455 0.20221843003413 0.0703030303030303 0.0972696245733788