0 0.230909090909091 0.168941979522184 0.0787878787878788 0.0989761092150171
0 0.224242424242424 0.313993174061433 0.08 0.0989761092150171
0 0.252727272727273 0.437713310580205 0.0715151515151515 0.083617747440273
0 0.172121212121212 0.526450511945393 0.0824242424242424 0.0870307167235495
0 0.216363636363636 0.685153583617747 0.0909090909090909 0.114334470989761
0 0.176969696969697 0.851535836177474 0.08 0.0921501706484642
0 0.269090909090909 0.775597269624573 0.0824242424242424 0.0938566552901024
0 0.35030303030303 0.74061433447099 0.0751515151515152 0.0921501706484642
0 0.35030303030303 0.881399317406143 0.0896969696969697 0.12457337883959
0 0.333333333333333 0.581911262798635 0.101818181818182 0.133105802047782
0 0.395757575757576 0.472696245733788 0.0836363636363636 0.102389078498294
0 0.339393939393939 0.301194539249147 0.121212121212121 0.158703071672355
0 0.56969696969697 0.897610921501707 0.0775757575757576 0.0989761092150171
0 0.676363636363636 0.92320819112628 0.0921212121212121 0.109215017064846
0 0.441212121212121 0.609215017064846 0.0848484848484849 0.112627986348123
0 0.52969696969697 0.675767918088737 0.0654545454545455 0.0853242320819113
0 0.691515151515152 0.703924914675768 0.0715151515151515 0.0870307167235495
0 0.78969696969697 0.718430034129693 0.0715151515151515 0.0955631399317406
0 0.604848484848485 0.607508532423208 0.0678787878787879 0.102389078498294
0 0.538181818181818 0.549488054607508 0.0703030303030303 0.10580204778157
0 0.475757575757576 0.5 0.0715151515151515 0.0955631399317406
0 0.752727272727273 0.585324232081911 0.0945454545454545 0.116040955631399
0 0.683030303030303 0.511092150170648 0.0715151515151515 0.107508532423208
0 0.604848484848485 0.470136518771331 0.0751515151515152 0.0938566552901024
0 0.538787878787879 0.395051194539249 0.0715151515151515 0.0972696245733788
0 0.466666666666667 0.37542662116041 0.0727272727272727 0.0955631399317406
0 0.76 0.457337883959044 0.08 0.0955631399317406
0 0.690909090909091 0.382252559726962 0.0848484848484849 0.10580204778157
0 0.612121212121212 0.343003412969283 0.0703030303030303 0.0853242320819113
0 0.525454545454546 0.304607508532423 0.0715151515151515 0.0972696245733788
0 0.448484848484848 0.284129692832765 0.0703030303030303 0.0904436860068259
0 0.493939393939394 0.203071672354949 0.0666666666666667 0.0989761092150171
0 0.592727272727273 0.199658703071672 0.0775757575757576 0.109215017064846
0 0.686060606060606 0.254266211604096 0.0727272727272727 0.0887372013651877