0 0.232727272727273 0.169795221843003 0.0654545454545455 0.0972696245733788
0 0.219393939393939 0.306313993174061 0.0824242424242424 0.0938566552901024
0 0.24969696969697 0.436006825938567 0.0824242424242424 0.107508532423208
0 0.174545454545455 0.520477815699659 0.08 0.0955631399317406
0 0.216363636363636 0.678327645051195 0.0884848484848485 0.117747440273038
0 0.178787878787879 0.843003412969283 0.0763636363636364 0.0887372013651877
0 0.268484848484848 0.777303754266212 0.0787878787878788 0.104095563139932
0 0.347878787878788 0.735494880546075 0.0606060606060606 0.0853242320819113
0 0.352727272727273 0.879692832764505 0.104242424242424 0.13481228668942
0 0.332727272727273 0.582764505119454 0.0909090909090909 0.138225255972696
0 0.390909090909091 0.465870307167235 0.0957575757575758 0.122866894197952
0 0.338787878787879 0.298634812286689 0.136969696969697 0.174061433447099
0 0.565454545454545 0.890784982935154 0.0690909090909091 0.102389078498294
0 0.675757575757576 0.910409556313993 0.100606060606061 0.12457337883959
0 0.442424242424242 0.604948805460751 0.0896969696969697 0.12457337883959
0 0.528484848484848 0.675767918088737 0.0751515151515152 0.109215017064846
0 0.698787878787879 0.70221843003413 0.0836363636363636 0.107508532423208
0 0.794545454545455 0.712457337883959 0.0787878787878788 0.114334470989761
0 0.605454545454545 0.604948805460751 0.0739393939393939 0.107508532423208
0 0.54 0.545221843003413 0.0690909090909091 0.0972696245733788
0 0.481212121212121 0.501706484641638 0.0678787878787879 0.0989761092150171
0 0.753939393939394 0.587883959044369 0.0896969696969697 0.12457337883959
0 0.680606060606061 0.517064846416382 0.0715151515151515 0.0989761092150171
0 0.603636363636364 0.470136518771331 0.0751515151515152 0.114334470989761
0 0.536363636363636 0.401023890784983 0.0715151515151515 0.0921501706484642
0 0.47030303030303 0.382252559726962 0.0775757575757576 0.0955631399317406
0 0.756969696969697 0.462457337883959 0.0836363636363636 0.102389078498294
0 0.694545454545455 0.383959044368601 0.0872727272727273 0.112627986348123
0 0.615151515151515 0.343856655290102 0.0690909090909091 0.0938566552901024
0 0.524242424242424 0.300341296928328 0.0739393939393939 0.0887372013651877
0 0.450909090909091 0.280716723549488 0.0727272727272727 0.0938566552901024
0 0.493939393939394 0.200511945392491 0.0618181818181818 0.0870307167235495
0 0.593939393939394 0.198805460750853 0.0727272727272727 0.104095563139932
0 0.68969696969697 0.255972696245734 0.0775757575757576 0.0989761092150171