0 0.234545454545455 0.168941979522184 0.0763636363636364 0.0989761092150171
0 0.218787878787879 0.315699658703072 0.0739393939393939 0.0921501706484642
0 0.253939393939394 0.430887372013652 0.0690909090909091 0.104095563139932
0 0.173939393939394 0.52901023890785 0.0836363636363636 0.0989761092150171
0 0.218787878787879 0.683447098976109 0.100606060606061 0.12457337883959
0 0.175757575757576 0.854095563139932 0.0775757575757576 0.0938566552901024
0 0.271515151515151 0.780716723549488 0.0751515151515152 0.110921501706485
0 0.347272727272727 0.866040955631399 0.100606060606061 0.12457337883959
0 0.34969696969697 0.739761092150171 0.0763636363636364 0.110921501706485
0 0.335757575757576 0.588737201365188 0.101818181818182 0.136518771331058
0 0.396969696969697 0.474402730375427 0.0933333333333333 0.119453924914676
0 0.338181818181818 0.304607508532423 0.135757575757576 0.175767918088737
0 0.432121212121212 0.60580204778157 0.0812121212121212 0.119453924914676
0 0.53030303030303 0.679180887372014 0.0739393939393939 0.102389078498294
0 0.570909090909091 0.896757679180887 0.0751515151515152 0.110921501706485
0 0.677575757575758 0.915529010238908 0.0945454545454545 0.110921501706485
0 0.476969696969697 0.500853242320819 0.0715151515151515 0.104095563139932
0 0.54 0.546928327645051 0.0618181818181818 0.107508532423208
0 0.601212121212121 0.612627986348123 0.0751515151515152 0.102389078498294
0 0.675151515151515 0.64419795221843 0.0751515151515152 0.107508532423208
0 0.792121212121212 0.717576791808874 0.0836363636363636 0.107508532423208
0 0.747878787878788 0.583617747440273 0.0896969696969697 0.129692832764505
0 0.684848484848485 0.515358361774744 0.0751515151515152 0.10580204778157
0 0.601212121212121 0.465870307167235 0.0678787878787879 0.0955631399317406
0 0.54 0.399317406143345 0.0690909090909091 0.0955631399317406
0 0.467878787878788 0.373720136518771 0.0775757575757576 0.102389078498294
0 0.453333333333333 0.290955631399317 0.0703030303030303 0.0972696245733788
0 0.522424242424242 0.301194539249147 0.0654545454545455 0.0972696245733788
0 0.610909090909091 0.33703071672355 0.0727272727272727 0.0938566552901024
0 0.692121212121212 0.380546075085324 0.0872727272727273 0.109215017064846
0 0.757575757575758 0.46160409556314 0.0848484848484849 0.107508532423208
0 0.69030303030303 0.25938566552901 0.0763636363636364 0.10580204778157
0 0.591515151515152 0.194539249146758 0.0751515151515152 0.102389078498294
0 0.490909090909091 0.204778156996587 0.0775757575757576 0.0955631399317406