0 0.202424242424242 0.271331058020478 0.104242424242424 0.112627986348123
0 0.304848484848485 0.193686006825939 0.0981818181818182 0.131399317406143
0 0.242424242424242 0.455631399317406 0.0993939393939394 0.122866894197952
0 0.246666666666667 0.608361774744027 0.0909090909090909 0.107508532423208
0 0.240606060606061 0.776450511945393 0.100606060606061 0.119453924914676
0 0.323636363636364 0.683447098976109 0.0945454545454545 0.110921501706485
0 0.413333333333333 0.742320819112628 0.0872727272727273 0.116040955631399
0 0.598181818181818 0.770477815699659 0.0957575757575758 0.127986348122867
0 0.424242424242424 0.526450511945393 0.155151515151515 0.192832764505119
0 0.594545454545455 0.54778156996587 0.117575757575758 0.15358361774744
0 0.357575757575758 0.310580204778157 0.111515151515152 0.15358361774744
0 0.529090909090909 0.366040955631399 0.124848484848485 0.148464163822526
0 0.692727272727273 0.363481228668942 0.0909090909090909 0.116040955631399
0 0.795757575757576 0.441126279863481 0.115151515151515 0.13481228668942
0 0.726060606060606 0.23037542662116 0.106666666666667 0.139931740614334
0 0.596363636363636 0.143344709897611 0.0896969696969697 0.109215017064846
0 0.463030303030303 0.143344709897611 0.0896969696969697 0.129692832764505