0 0.207272727272727 0.274744027303754 0.0993939393939394 0.112627986348123
0 0.243636363636364 0.463310580204778 0.0751515151515152 0.110921501706485
0 0.252121212121212 0.609215017064846 0.0896969696969697 0.112627986348123
0 0.248484848484848 0.781569965870307 0.0945454545454545 0.116040955631399
0 0.33030303030303 0.680887372013652 0.0836363636363636 0.10580204778157
0 0.413333333333333 0.736348122866894 0.104242424242424 0.12457337883959
0 0.595151515151515 0.767918088737201 0.101818181818182 0.109215017064846
0 0.420606060606061 0.534982935153584 0.140606060606061 0.192832764505119
0 0.36 0.315699658703072 0.121212121212121 0.136518771331058
0 0.304848484848485 0.185153583617747 0.112727272727273 0.141638225255973
0 0.468484848484849 0.14419795221843 0.0981818181818182 0.127986348122867
0 0.535757575757576 0.373720136518771 0.113939393939394 0.143344709897611
0 0.590909090909091 0.546928327645051 0.117575757575758 0.155290102389079
0 0.597575757575758 0.763651877133106 0.118787878787879 0.138225255972696
0 0.596969696969697 0.140784982935154 0.0933333333333333 0.131399317406143
0 0.727272727272727 0.23122866894198 0.113939393939394 0.145051194539249
0 0.687272727272727 0.36518771331058 0.0945454545454545 0.112627986348123
0 0.789090909090909 0.436860068259386 0.111515151515152 0.150170648464164