0 0.194545454545455 0.271331058020478 0.100606060606061 0.119453924914676
0 0.244848484848485 0.459044368600683 0.0872727272727273 0.133105802047782
0 0.246666666666667 0.607508532423208 0.0860606060606061 0.119453924914676
0 0.243030303030303 0.780716723549488 0.103030303030303 0.117747440273038
0 0.325454545454545 0.688566552901024 0.0860606060606061 0.0938566552901024
0 0.41030303030303 0.736348122866894 0.0933333333333333 0.117747440273038
0 0.596363636363636 0.761945392491468 0.0993939393939394 0.127986348122867
0 0.421212121212121 0.531569965870307 0.146666666666667 0.203071672354949
0 0.6 0.540955631399317 0.126060606060606 0.156996587030717
0 0.787878787878788 0.441126279863481 0.116363636363636 0.141638225255973
0 0.692121212121212 0.367747440273038 0.0993939393939394 0.131399317406143
0 0.732727272727273 0.226962457337884 0.12 0.146757679180887
0 0.532727272727273 0.366040955631399 0.12 0.148464163822526
0 0.365454545454545 0.319112627986348 0.124848484848485 0.136518771331058
0 0.31030303030303 0.191126279863481 0.0993939393939394 0.136518771331058
0 0.465454545454545 0.139931740614334 0.0775757575757576 0.126279863481229
0 0.595757575757576 0.143344709897611 0.0981818181818182 0.112627986348123