0 0.218181818181818 0.158703071672355 0.0678787878787879 0.102389078498294
0 0.253333333333333 0.401023890784983 0.0824242424242424 0.102389078498294
0 0.171515151515152 0.485494880546075 0.0860606060606061 0.0972696245733788
0 0.181818181818182 0.619453924914676 0.0848484848484849 0.116040955631399
0 0.277575757575758 0.672354948805461 0.0703030303030303 0.0921501706484642
0 0.242424242424242 0.795221843003413 0.0848484848484849 0.102389078498294
0 0.332121212121212 0.559726962457338 0.101818181818182 0.143344709897611
0 0.326060606060606 0.861774744027304 0.0945454545454545 0.122866894197952
0 0.428484848484848 0.828498293515358 0.0884848484848485 0.107508532423208
0 0.521212121212121 0.87457337883959 0.0896969696969697 0.0904436860068259
0 0.700606060606061 0.821672354948805 0.0848484848484849 0.110921501706485
0 0.598787878787879 0.774744027303754 0.0824242424242424 0.102389078498294
0 0.507878787878788 0.746587030716724 0.0872727272727273 0.110921501706485
0 0.372727272727273 0.719283276450512 0.0836363636363636 0.104095563139932
0 0.43030303030303 0.584470989761092 0.0751515151515152 0.110921501706485
0 0.53030303030303 0.593003412969283 0.0787878787878788 0.104095563139932
0 0.644242424242424 0.637372013651877 0.0739393939393939 0.104095563139932
0 0.726666666666667 0.713310580204778 0.0836363636363636 0.0989761092150171
0 0.816969696969697 0.552901023890785 0.109090909090909 0.136518771331058
0 0.67030303030303 0.504266211604096 0.0896969696969697 0.110921501706485
0 0.558181818181818 0.482081911262799 0.0836363636363636 0.107508532423208
0 0.47030303030303 0.462457337883959 0.063030303030303 0.102389078498294
0 0.386060606060606 0.42320819112628 0.0836363636363636 0.122866894197952
0 0.464242424242424 0.344709897610922 0.0703030303030303 0.0853242320819113
0 0.538787878787879 0.33617747440273 0.056969696969697 0.0887372013651877
0 0.630909090909091 0.396757679180887 0.0666666666666667 0.104095563139932
0 0.8 0.406996587030717 0.0824242424242424 0.117747440273038
0 0.703636363636364 0.319112627986348 0.0763636363636364 0.0955631399317406
0 0.609090909090909 0.282423208191126 0.0666666666666667 0.0938566552901024
0 0.464848484848485 0.24061433447099 0.0763636363636364 0.0921501706484642
0 0.339393939393939 0.258532423208191 0.128484848484848 0.168941979522184
0 0.344848484848485 0.0639931740614334 0.100606060606061 0.114334470989761
0 0.438181818181818 0.0878839590443686 0.0739393939393939 0.107508532423208
0 0.521212121212121 0.168088737201365 0.0775757575757576 0.0972696245733788
0 0.613939393939394 0.106655290102389 0.0763636363636364 0.0972696245733788
0 0.681818181818182 0.197952218430034 0.0690909090909091 0.109215017064846
0 0.792121212121212 0.17320819112628 0.0715151515151515 0.0972696245733788