0 0.206060606060606 0.273890784982935 0.096969696969697 0.110921501706485
0 0.24 0.46160409556314 0.101818181818182 0.12457337883959
0 0.246666666666667 0.602389078498293 0.0836363636363636 0.122866894197952
0 0.247878787878788 0.773890784982935 0.0787878787878788 0.107508532423208
0 0.331515151515152 0.684300341296928 0.0884848484848485 0.0989761092150171
0 0.415151515151515 0.739761092150171 0.0860606060606061 0.13481228668942
0 0.424242424242424 0.529863481228669 0.147878787878788 0.206484641638225
0 0.360606060606061 0.315699658703072 0.124848484848485 0.136518771331058
0 0.304242424242424 0.183447098976109 0.104242424242424 0.127986348122867
0 0.466666666666667 0.141638225255973 0.0945454545454545 0.119453924914676
0 0.533939393939394 0.36518771331058 0.124848484848485 0.16382252559727
0 0.598787878787879 0.546075085324232 0.128484848484848 0.180887372013652
0 0.603030303030303 0.767064846416382 0.112727272727273 0.13481228668942
0 0.601212121212121 0.141638225255973 0.096969696969697 0.116040955631399
0 0.729090909090909 0.225255972696246 0.117575757575758 0.129692832764505
0 0.692121212121212 0.357508532423208 0.0993939393939394 0.12457337883959
0 0.787878787878788 0.441126279863481 0.113939393939394 0.127986348122867