0 0.201818181818182 0.26877133105802 0.0981818181818182 0.13481228668942
0 0.233939393939394 0.453071672354949 0.0993939393939394 0.141638225255973
0 0.250909090909091 0.604948805460751 0.0921212121212121 0.110921501706485
0 0.24 0.762798634812287 0.0921212121212121 0.136518771331058
0 0.328484848484848 0.684300341296928 0.0896969696969697 0.109215017064846
0 0.410909090909091 0.742320819112628 0.096969696969697 0.116040955631399
0 0.423636363636364 0.535836177474403 0.163636363636364 0.194539249146758
0 0.363030303030303 0.318259385665529 0.132121212121212 0.151877133105802
0 0.312121212121212 0.189419795221843 0.11030303030303 0.129692832764505
0 0.472727272727273 0.147610921501706 0.106666666666667 0.12457337883959
0 0.525454545454546 0.371160409556314 0.12969696969697 0.168941979522184
0 0.595151515151515 0.548634812286689 0.123636363636364 0.165529010238908
0 0.595151515151515 0.770477815699659 0.106666666666667 0.141638225255973
0 0.596969696969697 0.145904436860068 0.0909090909090909 0.12457337883959
0 0.72969696969697 0.229522184300341 0.106666666666667 0.131399317406143
0 0.687272727272727 0.357508532423208 0.0872727272727273 0.121160409556314
0 0.791515151515152 0.437713310580205 0.118787878787879 0.138225255972696