0 0.2 0.26962457337884 0.0945454545454545 0.116040955631399
0 0.235151515151515 0.454778156996587 0.096969696969697 0.110921501706485
0 0.245454545454545 0.60580204778157 0.100606060606061 0.116040955631399
0 0.242424242424242 0.768771331058021 0.0896969696969697 0.110921501706485
0 0.32969696969697 0.689419795221843 0.0945454545454545 0.109215017064846
0 0.41030303030303 0.732081911262799 0.0909090909090909 0.116040955631399
0 0.420606060606061 0.533276450511945 0.145454545454545 0.196245733788396
0 0.357575757575758 0.324232081911263 0.121212121212121 0.156996587030717
0 0.306666666666667 0.188566552901024 0.109090909090909 0.13481228668942
0 0.467878787878788 0.139931740614334 0.0921212121212121 0.112627986348123
0 0.532727272727273 0.36518771331058 0.117575757575758 0.15358361774744
0 0.593939393939394 0.543515358361775 0.130909090909091 0.151877133105802
0 0.59030303030303 0.761092150170648 0.113939393939394 0.143344709897611
0 0.596363636363636 0.141638225255973 0.0872727272727273 0.119453924914676
0 0.726666666666667 0.224402730375427 0.103030303030303 0.131399317406143
0 0.688484848484848 0.349829351535836 0.096969696969697 0.133105802047782
0 0.783636363636364 0.431740614334471 0.107878787878788 0.146757679180887