0 0.236363636363636 0.151023890784983 0.0703030303030303 0.0938566552901024
0 0.223030303030303 0.294368600682594 0.0824242424242424 0.110921501706485
0 0.257575757575758 0.410409556313993 0.0812121212121212 0.121160409556314
0 0.172121212121212 0.512798634812287 0.0872727272727273 0.0938566552901024
0 0.217575757575758 0.662969283276451 0.100606060606061 0.131399317406143
0 0.175151515151515 0.830204778156997 0.0812121212121212 0.0870307167235495
0 0.263636363636364 0.763651877133106 0.0715151515151515 0.0904436860068259
0 0.347272727272727 0.853242320819113 0.0981818181818182 0.126279863481229
0 0.351515151515152 0.713310580204778 0.0703030303030303 0.0887372013651877
0 0.32969696969697 0.569112627986348 0.101818181818182 0.114334470989761
0 0.393939393939394 0.453071672354949 0.0896969696969697 0.121160409556314
0 0.341818181818182 0.275597269624573 0.116363636363636 0.141638225255973
0 0.484242424242424 0.795221843003413 0.0739393939393939 0.0989761092150171
0 0.562424242424242 0.861774744027304 0.0654545454545455 0.0921501706484642
0 0.438787878787879 0.593003412969283 0.0824242424242424 0.13481228668942
0 0.532121212121212 0.665529010238908 0.0824242424242424 0.112627986348123
0 0.607272727272727 0.762798634812287 0.0751515151515152 0.0989761092150171
0 0.687878787878788 0.766211604095563 0.0642424242424242 0.0955631399317406
0 0.769090909090909 0.816552901023891 0.0812121212121212 0.107508532423208
0 0.799393939393939 0.660409556313993 0.0763636363636364 0.102389078498294
0 0.687272727272727 0.661262798634812 0.0678787878787879 0.0972696245733788
0 0.611515151515152 0.593856655290102 0.0860606060606061 0.112627986348123
0 0.541212121212121 0.531569965870307 0.0642424242424242 0.0972696245733788
0 0.478181818181818 0.484641638225256 0.0690909090909091 0.0921501706484642
0 0.80969696969697 0.666382252559727 0.0727272727272727 0.110921501706485
0 0.752121212121212 0.559726962457338 0.0812121212121212 0.136518771331058
0 0.679393939393939 0.502559726962457 0.0642424242424242 0.110921501706485
0 0.606060606060606 0.446245733788396 0.0654545454545455 0.104095563139932
0 0.539393939393939 0.378839590443686 0.0751515151515152 0.10580204778157
0 0.46969696969697 0.359215017064846 0.0593939393939394 0.0938566552901024
0 0.450909090909091 0.267064846416382 0.0606060606060606 0.104095563139932
0 0.524848484848485 0.284982935153584 0.0581818181818182 0.0853242320819113
0 0.61030303030303 0.325085324232082 0.0666666666666667 0.107508532423208
0 0.696363636363636 0.362627986348123 0.0763636363636364 0.110921501706485
0 0.756363636363636 0.436006825938567 0.0775757575757576 0.110921501706485
0 0.678787878787879 0.236348122866894 0.0727272727272727 0.100682593856655
0 0.595151515151515 0.180887372013652 0.0703030303030303 0.0989761092150171
0 0.491515151515152 0.186860068259386 0.0715151515151515 0.0972696245733788