0 0.238181818181818 0.162969283276451 0.0836363636363636 0.110921501706485
0 0.224848484848485 0.29778156996587 0.0812121212121212 0.104095563139932
0 0.264242424242424 0.42320819112628 0.0921212121212121 0.112627986348123
0 0.172727272727273 0.508532423208191 0.0739393939393939 0.102389078498294
0 0.225454545454545 0.669795221843003 0.096969696969697 0.131399317406143
0 0.180606060606061 0.832764505119454 0.0824242424242424 0.0989761092150171
0 0.273939393939394 0.75938566552901 0.0824242424242424 0.0921501706484642
0 0.34969696969697 0.851535836177474 0.0981818181818182 0.116040955631399
0 0.350909090909091 0.716723549488055 0.0690909090909091 0.0853242320819113
0 0.342424242424242 0.571672354948805 0.11030303030303 0.146757679180887
0 0.392121212121212 0.451365187713311 0.0787878787878788 0.117747440273038
0 0.34 0.274744027303754 0.12 0.167235494880546
0 0.488484848484848 0.79778156996587 0.0703030303030303 0.100682593856655
0 0.566666666666667 0.866040955631399 0.0690909090909091 0.104095563139932
0 0.444848484848485 0.590443686006826 0.0872727272727273 0.109215017064846
0 0.478787878787879 0.476962457337884 0.0678787878787879 0.104095563139932
0 0.46969696969697 0.352389078498294 0.0618181818181818 0.0870307167235495
0 0.446666666666667 0.256825938566553 0.0666666666666667 0.0972696245733788
0 0.488484848484848 0.179180887372014 0.0654545454545455 0.102389078498294
0 0.521212121212121 0.280716723549488 0.0678787878787879 0.100682593856655
0 0.593939393939394 0.184300341296928 0.08 0.0989761092150171
0 0.683030303030303 0.24061433447099 0.0666666666666667 0.0819112627986348
0 0.535151515151515 0.377986348122867 0.0690909090909091 0.0904436860068259
0 0.612121212121212 0.323378839590444 0.0703030303030303 0.083617747440273
0 0.693939393939394 0.358361774744027 0.0787878787878788 0.109215017064846
0 0.476969696969697 0.483788395904437 0.0642424242424242 0.0904436860068259
0 0.541212121212121 0.526450511945393 0.0763636363636364 0.107508532423208
0 0.529090909090909 0.651877133105802 0.0739393939393939 0.102389078498294
0 0.605454545454545 0.453071672354949 0.0836363636363636 0.104095563139932
0 0.704242424242424 0.366894197952218 0.0945454545454545 0.102389078498294
0 0.763030303030303 0.441126279863481 0.100606060606061 0.0972696245733788
0 0.677575757575758 0.499146757679181 0.0751515151515152 0.083617747440273
0 0.753333333333333 0.561433447098976 0.100606060606061 0.116040955631399
0 0.615151515151515 0.601535836177474 0.0836363636363636 0.0938566552901024
0 0.688484848484848 0.661262798634812 0.0751515151515152 0.0904436860068259
0 0.810909090909091 0.666382252559727 0.0678787878787879 0.104095563139932
0 0.761212121212121 0.8080204778157 0.063030303030303 0.0938566552901024
0 0.686666666666667 0.777303754266212 0.0690909090909091 0.0904436860068259
0 0.597575757575758 0.756825938566553 0.0727272727272727 0.0767918088737201
0 0.564848484848485 0.867747440273038 0.0775757575757576 0.107508532423208