0 0.229090909090909 0.155290102389079 0.0654545454545455 0.0955631399317406
0 0.222424242424242 0.294368600682594 0.0763636363636364 0.0904436860068259
0 0.255757575757576 0.417235494880546 0.0654545454545455 0.0904436860068259
0 0.173939393939394 0.513651877133106 0.0763636363636364 0.0853242320819113
0 0.218787878787879 0.667235494880546 0.0884848484848485 0.109215017064846
0 0.172727272727273 0.833617747440273 0.0739393939393939 0.083617747440273
0 0.262424242424242 0.764505119453925 0.0715151515151515 0.0921501706484642
0 0.348484848484849 0.853242320819113 0.0957575757575758 0.112627986348123
0 0.347878787878788 0.717576791808874 0.0727272727272727 0.0938566552901024
0 0.332121212121212 0.570819112627986 0.101818181818182 0.13481228668942
0 0.332121212121212 0.285836177474403 0.118787878787879 0.158703071672355
0 0.384242424242424 0.453924914675768 0.101818181818182 0.122866894197952
0 0.481212121212121 0.79778156996587 0.0751515151515152 0.0938566552901024
0 0.563030303030303 0.868600682593857 0.0690909090909091 0.0989761092150171
0 0.436969696969697 0.591296928327645 0.0812121212121212 0.117747440273038
0 0.533333333333333 0.659556313993174 0.0654545454545455 0.104095563139932
0 0.604242424242424 0.763651877133106 0.0739393939393939 0.100682593856655
0 0.689090909090909 0.777303754266212 0.0763636363636364 0.0972696245733788
0 0.760606060606061 0.819112627986348 0.0715151515151515 0.109215017064846
0 0.803030303030303 0.66382252559727 0.0739393939393939 0.0989761092150171
0 0.688484848484848 0.668088737201365 0.0703030303030303 0.104095563139932
0 0.612727272727273 0.598122866894198 0.0763636363636364 0.110921501706485
0 0.544848484848485 0.539249146757679 0.0763636363636364 0.109215017064846
0 0.475757575757576 0.48037542662116 0.0666666666666667 0.100682593856655
0 0.467878787878788 0.361774744027304 0.0678787878787879 0.0989761092150171
0 0.538181818181818 0.38481228668942 0.0678787878787879 0.0972696245733788
0 0.604848484848485 0.448805460750853 0.063030303030303 0.102389078498294
0 0.681212121212121 0.495733788395904 0.0678787878787879 0.114334470989761
0 0.748484848484849 0.562286689419795 0.0836363636363636 0.131399317406143
0 0.760606060606061 0.4419795221843 0.0884848484848485 0.116040955631399
0 0.694545454545455 0.36518771331058 0.0775757575757576 0.112627986348123
0 0.608484848484849 0.320819112627986 0.0824242424242424 0.10580204778157
0 0.526060606060606 0.282423208191126 0.0824242424242424 0.0870307167235495
0 0.456363636363636 0.265358361774744 0.0763636363636364 0.0904436860068259
0 0.494545454545455 0.18259385665529 0.0678787878787879 0.0955631399317406
0 0.594545454545455 0.180887372013652 0.0909090909090909 0.116040955631399
0 0.681818181818182 0.234641638225256 0.0739393939393939 0.107508532423208