0 0.234545454545455 0.155290102389079 0.0763636363636364 0.0955631399317406
0 0.22 0.295221843003413 0.0812121212121212 0.0887372013651877
0 0.256969696969697 0.421501706484642 0.0824242424242424 0.0955631399317406
0 0.172727272727273 0.504266211604096 0.0884848484848485 0.083617747440273
0 0.216363636363636 0.670648464163823 0.0884848484848485 0.109215017064846
0 0.177575757575758 0.834470989761092 0.0860606060606061 0.102389078498294
0 0.265454545454545 0.761945392491468 0.0678787878787879 0.0767918088737201
0 0.352727272727273 0.856655290102389 0.096969696969697 0.112627986348123
0 0.345454545454545 0.716723549488055 0.0775757575757576 0.0921501706484642
0 0.329090909090909 0.566552901023891 0.100606060606061 0.122866894197952
0 0.398787878787879 0.462457337883959 0.096969696969697 0.112627986348123
0 0.338181818181818 0.283276450511945 0.126060606060606 0.15358361774744
0 0.486666666666667 0.796928327645051 0.0715151515151515 0.0989761092150171
0 0.563636363636364 0.866894197952218 0.063030303030303 0.0955631399317406
0 0.437575757575758 0.593003412969283 0.0872727272727273 0.121160409556314
0 0.526666666666667 0.656143344709898 0.0618181818181818 0.0802047781569966
0 0.603636363636364 0.761945392491468 0.0751515151515152 0.107508532423208
0 0.690909090909091 0.773037542662116 0.0751515151515152 0.109215017064846
0 0.759393939393939 0.81740614334471 0.0739393939393939 0.112627986348123
0 0.68969696969697 0.666382252559727 0.0703030303030303 0.107508532423208
0 0.611515151515152 0.595563139931741 0.0763636363636364 0.112627986348123
0 0.541818181818182 0.530716723549488 0.0727272727272727 0.10580204778157
0 0.473939393939394 0.477815699658703 0.063030303030303 0.0989761092150171
0 0.472121212121212 0.359215017064846 0.0618181818181818 0.0972696245733788
0 0.535151515151515 0.376279863481229 0.0690909090909091 0.100682593856655
0 0.606060606060606 0.447952218430034 0.0654545454545455 0.104095563139932
0 0.682424242424242 0.497440273037543 0.0654545454545455 0.107508532423208
0 0.74 0.562286689419795 0.0909090909090909 0.131399317406143
0 0.802424242424242 0.668088737201365 0.0751515151515152 0.104095563139932
0 0.756363636363636 0.437713310580205 0.0775757575757576 0.0972696245733788
0 0.695757575757576 0.363481228668942 0.08 0.109215017064846
0 0.616363636363636 0.328498293515358 0.0763636363636364 0.0904436860068259
0 0.521212121212121 0.285836177474403 0.0703030303030303 0.0904436860068259
0 0.455757575757576 0.26962457337884 0.0775757575757576 0.102389078498294
0 0.490909090909091 0.184300341296928 0.0678787878787879 0.10580204778157
0 0.593939393939394 0.180887372013652 0.0848484848484849 0.119453924914676
0 0.691515151515152 0.241467576791809 0.0812121212121212 0.100682593856655