0 0.232727272727273 0.151023890784983 0.0775757575757576 0.0938566552901024
0 0.219393939393939 0.300341296928328 0.08 0.0887372013651877
0 0.251515151515152 0.41296928327645 0.0715151515151515 0.0921501706484642
0 0.178181818181818 0.514505119453925 0.0824242424242424 0.104095563139932
0 0.22 0.667235494880546 0.0933333333333333 0.112627986348123
0 0.175757575757576 0.83617747440273 0.0703030303030303 0.0819112627986348
0 0.266060606060606 0.757679180887372 0.0715151515151515 0.0819112627986348
0 0.34969696969697 0.713310580204778 0.0787878787878788 0.10580204778157
0 0.34969696969697 0.854948805460751 0.100606060606061 0.122866894197952
0 0.332727272727273 0.572525597269625 0.107878787878788 0.131399317406143
0 0.396363636363636 0.454778156996587 0.0896969696969697 0.100682593856655
0 0.332121212121212 0.277303754266212 0.133333333333333 0.162116040955631
0 0.48 0.791808873720137 0.0727272727272727 0.102389078498294
0 0.56 0.864334470989761 0.08 0.104095563139932
0 0.764848484848485 0.808873720136519 0.0775757575757576 0.10580204778157
0 0.691515151515152 0.784129692832764 0.0787878787878788 0.114334470989761
0 0.602424242424242 0.761945392491468 0.0751515151515152 0.114334470989761
0 0.532727272727273 0.656996587030717 0.0787878787878788 0.109215017064846
0 0.438181818181818 0.59641638225256 0.0812121212121212 0.127986348122867
0 0.474545454545455 0.487201365187713 0.0739393939393939 0.107508532423208
0 0.542424242424242 0.534982935153584 0.0739393939393939 0.100682593856655
0 0.612121212121212 0.60580204778157 0.0751515151515152 0.102389078498294
0 0.683636363636364 0.668941979522184 0.0896969696969697 0.0921501706484642
0 0.804848484848485 0.662969283276451 0.0872727272727273 0.104095563139932
0 0.755757575757576 0.563993174061433 0.0933333333333333 0.127986348122867
0 0.684848484848485 0.5 0.0727272727272727 0.102389078498294
0 0.603030303030303 0.45221843003413 0.0739393939393939 0.102389078498294
0 0.541212121212121 0.383959044368601 0.0715151515151515 0.109215017064846
0 0.46969696969697 0.368600682593857 0.0690909090909091 0.0955631399317406
0 0.45030303030303 0.263651877133106 0.0690909090909091 0.0972696245733788
0 0.521818181818182 0.289249146757679 0.0690909090909091 0.0972696245733788
0 0.60969696969697 0.328498293515358 0.0703030303030303 0.117747440273038
0 0.693333333333333 0.351535836177474 0.0848484848484849 0.136518771331058
0 0.758181818181818 0.435153583617747 0.0763636363636364 0.10580204778157
0 0.687878787878788 0.242320819112628 0.0739393939393939 0.10580204778157
0 0.595757575757576 0.187713310580205 0.0763636363636364 0.102389078498294
0 0.497575757575758 0.185153583617747 0.0739393939393939 0.104095563139932