0 0.216969696969697 0.164675767918089 0.0727272727272727 0.0972696245733788
0 0.348484848484849 0.0614334470989761 0.0933333333333333 0.119453924914676
0 0.440606060606061 0.091296928327645 0.0715151515151515 0.0972696245733788
0 0.525454545454546 0.168088737201365 0.0739393939393939 0.100682593856655
0 0.616363636363636 0.10580204778157 0.0739393939393939 0.102389078498294
0 0.684242424242424 0.193686006825939 0.0739393939393939 0.0972696245733788
0 0.796363636363636 0.172354948805461 0.08 0.0989761092150171
0 0.803636363636364 0.406996587030717 0.0896969696969697 0.121160409556314
0 0.807272727272727 0.541808873720137 0.0896969696969697 0.121160409556314
0 0.723636363636364 0.705631399317406 0.0751515151515152 0.100682593856655
0 0.690909090909091 0.811433447098976 0.0727272727272727 0.100682593856655
0 0.702424242424242 0.313993174061433 0.0739393939393939 0.0955631399317406
0 0.611515151515152 0.278156996587031 0.0690909090909091 0.0955631399317406
0 0.627878787878788 0.392491467576792 0.0775757575757576 0.0989761092150171
0 0.664242424242424 0.504266211604096 0.0872727272727273 0.107508532423208
0 0.643636363636364 0.632252559726962 0.0751515151515152 0.100682593856655
0 0.602424242424242 0.780716723549488 0.0751515151515152 0.104095563139932
0 0.538181818181818 0.340443686006826 0.0727272727272727 0.0972696245733788
0 0.56 0.482081911262799 0.0872727272727273 0.110921501706485
0 0.529090909090909 0.591296928327645 0.0739393939393939 0.0972696245733788
0 0.5 0.738054607508532 0.0642424242424242 0.0904436860068259
0 0.515151515151515 0.870307167235495 0.0727272727272727 0.0989761092150171
0 0.462424242424242 0.238054607508532 0.0715151515151515 0.100682593856655
0 0.464242424242424 0.342150170648464 0.0727272727272727 0.0938566552901024
0 0.471515151515152 0.464163822525597 0.0703030303030303 0.109215017064846
0 0.42969696969697 0.587030716723549 0.0860606060606061 0.116040955631399
0 0.427878787878788 0.834470989761092 0.0775757575757576 0.109215017064846
0 0.329090909090909 0.860068259385666 0.0884848484848485 0.126279863481229
0 0.242424242424242 0.790955631399317 0.0751515151515152 0.0972696245733788
0 0.37030303030303 0.723549488054608 0.0763636363636364 0.0955631399317406
0 0.276969696969697 0.662969283276451 0.0690909090909091 0.0938566552901024
0 0.32969696969697 0.559726962457338 0.104242424242424 0.136518771331058
0 0.391515151515152 0.428327645051195 0.0848484848484849 0.122866894197952
0 0.34 0.261945392491468 0.134545454545455 0.162116040955631
0 0.258181818181818 0.39419795221843 0.0727272727272727 0.0955631399317406
0 0.171515151515152 0.489761092150171 0.0715151515151515 0.0989761092150171
0 0.18 0.617747440273038 0.0763636363636364 0.102389078498294