0 0.215757575757576 0.162969283276451 0.0678787878787879 0.0972696245733788
0 0.347272727272727 0.060580204778157 0.0957575757575758 0.117747440273038
0 0.438181818181818 0.0938566552901024 0.0739393939393939 0.0887372013651877
0 0.526666666666667 0.177474402730375 0.0739393939393939 0.0921501706484642
0 0.615151515151515 0.107508532423208 0.0836363636363636 0.0955631399317406
0 0.684848484848485 0.196245733788396 0.0727272727272727 0.0887372013651877
0 0.795757575757576 0.174914675767918 0.0763636363636364 0.100682593856655
0 0.342424242424242 0.264505119453925 0.132121212121212 0.146757679180887
0 0.464242424242424 0.243174061433447 0.0751515151515152 0.0972696245733788
0 0.615151515151515 0.279863481228669 0.0787878787878788 0.0921501706484642
0 0.704242424242424 0.31740614334471 0.0775757575757576 0.0887372013651877
0 0.803636363636364 0.408703071672355 0.0872727272727273 0.110921501706485
0 0.80969696969697 0.544368600682594 0.0896969696969697 0.133105802047782
0 0.62969696969697 0.396757679180887 0.0715151515151515 0.0938566552901024
0 0.541818181818182 0.341296928327645 0.0678787878787879 0.0955631399317406
0 0.463030303030303 0.343856655290102 0.0703030303030303 0.083617747440273
0 0.256363636363636 0.39419795221843 0.0715151515151515 0.0955631399317406
0 0.175757575757576 0.491467576791809 0.0727272727272727 0.0955631399317406
0 0.390909090909091 0.433447098976109 0.0884848484848485 0.10580204778157
0 0.473939393939394 0.466723549488055 0.0678787878787879 0.0972696245733788
0 0.562424242424242 0.482081911262799 0.0848484848484849 0.114334470989761
0 0.668484848484848 0.507679180887372 0.0836363636363636 0.104095563139932
0 0.642424242424242 0.633959044368601 0.0703030303030303 0.0904436860068259
0 0.527272727272727 0.598122866894198 0.08 0.0904436860068259
0 0.432727272727273 0.58617747440273 0.0775757575757576 0.107508532423208
0 0.327878787878788 0.558873720136519 0.107878787878788 0.13481228668942
0 0.173333333333333 0.49061433447099 0.0751515151515152 0.0972696245733788
0 0.180606060606061 0.620307167235495 0.0775757575757576 0.0972696245733788
0 0.276969696969697 0.664675767918089 0.0763636363636364 0.0938566552901024
0 0.370909090909091 0.723549488054608 0.0848484848484849 0.0955631399317406
0 0.499393939393939 0.741467576791809 0.0678787878787879 0.0972696245733788
0 0.600606060606061 0.778156996587031 0.0787878787878788 0.102389078498294
0 0.7 0.814846416382253 0.0666666666666667 0.104095563139932
0 0.742424242424242 0.713310580204778 0.0836363636363636 0.0989761092150171
0 0.515757575757576 0.870307167235495 0.0739393939393939 0.102389078498294
0 0.423030303030303 0.831911262798635 0.0654545454545455 0.0904436860068259
0 0.330909090909091 0.864334470989761 0.0945454545454545 0.131399317406143
0 0.240606060606061 0.790102389078498 0.0715151515151515 0.0989761092150171