0 0.216969696969697 0.166382252559727 0.0703030303030303 0.107508532423208
0 0.35030303030303 0.0656996587030717 0.0993939393939394 0.121160409556314
0 0.437575757575758 0.0930034129692833 0.0727272727272727 0.100682593856655
0 0.524848484848485 0.174061433447099 0.0727272727272727 0.0887372013651877
0 0.616363636363636 0.107508532423208 0.0787878787878788 0.10580204778157
0 0.680606060606061 0.193686006825939 0.0690909090909091 0.0870307167235495
0 0.796969696969697 0.170648464163823 0.0860606060606061 0.112627986348123
0 0.804242424242424 0.410409556313993 0.0884848484848485 0.13481228668942
0 0.702424242424242 0.318259385665529 0.0666666666666667 0.100682593856655
0 0.612727272727273 0.272184300341297 0.0860606060606061 0.100682593856655
0 0.466060606060606 0.238907849829352 0.0715151515151515 0.102389078498294
0 0.344242424242424 0.260238907849829 0.133333333333333 0.145051194539249
0 0.463636363636364 0.345563139931741 0.0715151515151515 0.0972696245733788
0 0.54 0.344709897610922 0.0763636363636364 0.112627986348123
0 0.635151515151515 0.390784982935154 0.0703030303030303 0.116040955631399
0 0.258787878787879 0.397610921501707 0.0836363636363636 0.10580204778157
0 0.39030303030303 0.43259385665529 0.0872727272727273 0.121160409556314
0 0.472121212121212 0.47098976109215 0.0618181818181818 0.0989761092150171
0 0.561818181818182 0.491467576791809 0.0812121212121212 0.119453924914676
0 0.665454545454545 0.50938566552901 0.0872727272727273 0.107508532423208
0 0.808484848484848 0.546928327645051 0.101818181818182 0.127986348122867
0 0.741818181818182 0.709897610921502 0.0775757575757576 0.10580204778157
0 0.646666666666667 0.633105802047782 0.0739393939393939 0.0989761092150171
0 0.531515151515152 0.597269624573379 0.0787878787878788 0.102389078498294
0 0.431515151515152 0.587030716723549 0.0872727272727273 0.116040955631399
0 0.332727272727273 0.559726962457338 0.100606060606061 0.136518771331058
0 0.173333333333333 0.487201365187713 0.0824242424242424 0.100682593856655
0 0.186666666666667 0.621160409556314 0.0678787878787879 0.116040955631399
0 0.278181818181818 0.668088737201365 0.0787878787878788 0.114334470989761
0 0.373939393939394 0.724402730375427 0.0836363636363636 0.0972696245733788
0 0.500606060606061 0.738907849829352 0.0824242424242424 0.102389078498294
0 0.599393939393939 0.780716723549488 0.0787878787878788 0.114334470989761
0 0.698181818181818 0.8080204778157 0.0751515151515152 0.110921501706485
0 0.516969696969697 0.869453924914676 0.0787878787878788 0.104095563139932
0 0.427878787878788 0.834470989761092 0.0751515151515152 0.102389078498294
0 0.333939393939394 0.86518771331058 0.103030303030303 0.122866894197952
0 0.243030303030303 0.793515358361775 0.0836363636363636 0.0989761092150171