0 0.218787878787879 0.165529010238908 0.0690909090909091 0.102389078498294
0 0.352727272727273 0.0639931740614334 0.106666666666667 0.117747440273038
0 0.440606060606061 0.0938566552901024 0.0763636363636364 0.112627986348123
0 0.525454545454546 0.176621160409556 0.0836363636363636 0.114334470989761
0 0.612727272727273 0.10580204778157 0.0836363636363636 0.10580204778157
0 0.682424242424242 0.195392491467577 0.0775757575757576 0.104095563139932
0 0.798181818181818 0.177474402730375 0.0860606060606061 0.109215017064846
0 0.806666666666667 0.410409556313993 0.0909090909090909 0.12457337883959
0 0.701212121212121 0.320819112627986 0.0690909090909091 0.0955631399317406
0 0.606666666666667 0.274744027303754 0.0812121212121212 0.102389078498294
0 0.466666666666667 0.244027303754266 0.0824242424242424 0.0989761092150171
0 0.338181818181818 0.260238907849829 0.133333333333333 0.175767918088737
0 0.463030303030303 0.344709897610922 0.0703030303030303 0.112627986348123
0 0.537575757575758 0.343003412969283 0.0812121212121212 0.109215017064846
0 0.632121212121212 0.395904436860068 0.0836363636363636 0.116040955631399
0 0.255151515151515 0.397610921501707 0.0884848484848485 0.102389078498294
0 0.385454545454545 0.430034129692833 0.0896969696969697 0.129692832764505
0 0.470909090909091 0.463310580204778 0.0690909090909091 0.107508532423208
0 0.56 0.483788395904437 0.0703030303030303 0.121160409556314
0 0.664242424242424 0.508532423208191 0.0824242424242424 0.116040955631399
0 0.80969696969697 0.546928327645051 0.0896969696969697 0.13481228668942
0 0.743636363636364 0.717576791808874 0.0812121212121212 0.114334470989761
0 0.644848484848485 0.636518771331058 0.0727272727272727 0.10580204778157
0 0.526666666666667 0.598122866894198 0.0787878787878788 0.100682593856655
0 0.426060606060606 0.582764505119454 0.0860606060606061 0.121160409556314
0 0.330909090909091 0.554607508532423 0.104242424242424 0.139931740614334
0 0.175151515151515 0.482935153583618 0.0690909090909091 0.102389078498294
0 0.179393939393939 0.618600682593857 0.08 0.104095563139932
0 0.273939393939394 0.666382252559727 0.0872727272727273 0.107508532423208
0 0.370909090909091 0.727815699658703 0.0824242424242424 0.0972696245733788
0 0.5 0.744027303754266 0.0860606060606061 0.0955631399317406
0 0.596969696969697 0.782423208191126 0.0739393939393939 0.107508532423208
0 0.696969696969697 0.803754266211604 0.0727272727272727 0.109215017064846
0 0.512121212121212 0.864334470989761 0.0763636363636364 0.104095563139932
0 0.421818181818182 0.832764505119454 0.08 0.102389078498294
0 0.329090909090909 0.863481228668942 0.100606060606061 0.136518771331058
0 0.237575757575758 0.794368600682594 0.08 0.104095563139932