0 0.267878787878788 0.427474402730375 0.227878787878788 0.28839590443686
0 0.356363636363636 0.750853242320819 0.104242424242424 0.156996587030717
0 0.431515151515152 0.383959044368601 0.0751515151515152 0.10580204778157
0 0.503636363636364 0.521331058020478 0.117575757575758 0.165529010238908
0 0.544848484848485 0.389078498293515 0.0884848484848485 0.119453924914676
0 0.505454545454545 0.257679180887372 0.111515151515152 0.167235494880546
0 0.692727272727273 0.275597269624573 0.12 0.186006825938567
0 0.690909090909091 0.522184300341297 0.135757575757576 0.184300341296928
0 0.898787878787879 0.511092150170648 0.0812121212121212 0.107508532423208
0 0.984242424242424 0.487201365187713 0.0775757575757576 0.13481228668942
0 0.919393939393939 0.637372013651877 0.0957575757575758 0.12457337883959
0 0.997575757575758 0.609215017064846 0.0581818181818182 0.116040955631399