0 0.266666666666667 0.435153583617747 0.223030303030303 0.286689419795222
0 0.361212121212121 0.758532423208191 0.126060606060606 0.165529010238908
0 0.502424242424242 0.528156996587031 0.122424242424242 0.158703071672355
0 0.433939393939394 0.387372013651877 0.0727272727272727 0.112627986348123
0 0.503636363636364 0.264505119453925 0.127272727272727 0.160409556313993
0 0.544242424242424 0.395051194539249 0.08 0.110921501706485
0 0.697575757575758 0.278156996587031 0.124848484848485 0.150170648464164
0 0.692121212121212 0.51962457337884 0.128484848484848 0.179180887372014
0 0.898787878787879 0.503412969283277 0.0812121212121212 0.109215017064846
0 0.99030303030303 0.482935153583618 0.0824242424242424 0.126279863481229
0 1.00848484848485 0.616894197952218 0.0824242424242424 0.121160409556314
0 0.918181818181818 0.640784982935154 0.0884848484848485 0.117747440273038