0 0.218181818181818 0.161262798634812 0.08 0.0938566552901024
0 0.349090909090909 0.0639931740614334 0.106666666666667 0.117747440273038
0 0.443030303030303 0.0930034129692833 0.0787878787878788 0.107508532423208
0 0.523636363636364 0.170648464163823 0.0775757575757576 0.0989761092150171
0 0.617575757575758 0.102389078498294 0.0860606060606061 0.102389078498294
0 0.681212121212121 0.194539249146758 0.0727272727272727 0.0955631399317406
0 0.798181818181818 0.169795221843003 0.0836363636363636 0.110921501706485
0 0.341818181818182 0.261092150170648 0.116363636363636 0.167235494880546
0 0.463636363636364 0.249146757679181 0.0836363636363636 0.0955631399317406
0 0.612727272727273 0.280716723549488 0.0884848484848485 0.0938566552901024
0 0.701212121212121 0.319112627986348 0.0715151515151515 0.0955631399317406
0 0.804848484848485 0.401877133105802 0.0896969696969697 0.138225255972696
0 0.810909090909091 0.546075085324232 0.096969696969697 0.143344709897611
0 0.634545454545455 0.398464163822526 0.0860606060606061 0.107508532423208
0 0.536969696969697 0.332764505119454 0.0751515151515152 0.102389078498294
0 0.465454545454545 0.347269624573379 0.0872727272727273 0.107508532423208
0 0.255151515151515 0.393344709897611 0.0860606060606061 0.0938566552901024
0 0.389090909090909 0.435153583617747 0.096969696969697 0.126279863481229
0 0.472727272727273 0.464163822525597 0.0775757575757576 0.109215017064846
0 0.565454545454545 0.491467576791809 0.0909090909090909 0.129692832764505
0 0.667272727272727 0.507679180887372 0.0860606060606061 0.107508532423208
0 0.178181818181818 0.488054607508532 0.0824242424242424 0.10580204778157
0 0.327878787878788 0.558873720136519 0.100606060606061 0.141638225255973
0 0.429090909090909 0.588737201365188 0.0921212121212121 0.122866894197952
0 0.528484848484848 0.597269624573379 0.08 0.116040955631399
0 0.644242424242424 0.635665529010239 0.0666666666666667 0.0972696245733788
0 0.738181818181818 0.71160409556314 0.0678787878787879 0.0921501706484642
0 0.690909090909091 0.808873720136519 0.0727272727272727 0.0955631399317406
0 0.596969696969697 0.780716723549488 0.0787878787878788 0.107508532423208
0 0.498181818181818 0.734641638225256 0.0727272727272727 0.0904436860068259
0 0.36969696969697 0.714163822525597 0.0678787878787879 0.0938566552901024
0 0.275757575757576 0.662116040955631 0.0690909090909091 0.10580204778157
0 0.178787878787879 0.610921501706485 0.0715151515151515 0.10580204778157
0 0.243636363636364 0.790955631399317 0.0703030303030303 0.110921501706485
0 0.324242424242424 0.858361774744027 0.0933333333333333 0.136518771331058
0 0.424848484848485 0.831058020477816 0.0739393939393939 0.0955631399317406
0 0.515151515151515 0.877133105802048 0.08 0.10580204778157