0 0.243636363636364 0.228668941979522 0.0775757575757576 0.0955631399317406
0 0.339393939393939 0.283276450511945 0.08 0.109215017064846
0 0.422424242424242 0.188566552901024 0.0787878787878788 0.0904436860068259
0 0.530909090909091 0.25938566552901 0.0703030303030303 0.102389078498294
0 0.454545454545455 0.344709897610922 0.0703030303030303 0.0989761092150171
0 0.641212121212121 0.347269624573379 0.135757575757576 0.172354948805461
0 0.506060606060606 0.447952218430034 0.0521212121212121 0.0597269624573379
0 0.456969696969697 0.485494880546075 0.0460606060606061 0.0665529010238908
0 0.578181818181818 0.479522184300341 0.0678787878787879 0.0921501706484642
0 0.658181818181818 0.553754266211604 0.08 0.110921501706485
0 0.535151515151515 0.607508532423208 0.0715151515151515 0.0989761092150171
0 0.603030303030303 0.676621160409556 0.0690909090909091 0.117747440273038
0 0.386666666666667 0.558873720136519 0.0896969696969697 0.114334470989761
0 0.423636363636364 0.686860068259386 0.0884848484848485 0.110921501706485
0 0.224848484848485 0.430034129692833 0.0690909090909091 0.0853242320819113
0 0.292121212121212 0.422354948805461 0.0654545454545455 0.0870307167235495
0 0.264242424242424 0.639931740614334 0.0581818181818182 0.0955631399317406
0 0.312121212121212 0.703071672354949 0.0666666666666667 0.0887372013651877