0 0.243030303030303 0.23122866894198 0.0715151515151515 0.0972696245733788
0 0.343030303030303 0.283276450511945 0.0775757575757576 0.0921501706484642
0 0.421818181818182 0.185153583617747 0.0751515151515152 0.104095563139932
0 0.526060606060606 0.249146757679181 0.0727272727272727 0.0921501706484642
0 0.452727272727273 0.344709897610922 0.0618181818181818 0.0887372013651877
0 0.643636363636364 0.347269624573379 0.140606060606061 0.151877133105802
0 0.507878787878788 0.453071672354949 0.0509090909090909 0.0665529010238908
0 0.457575757575758 0.489761092150171 0.0448484848484848 0.0614334470989761
0 0.581212121212121 0.482935153583618 0.0763636363636364 0.0921501706484642
0 0.656363636363636 0.561433447098976 0.0739393939393939 0.0955631399317406
0 0.603030303030303 0.681740614334471 0.0593939393939394 0.0972696245733788
0 0.533939393939394 0.608361774744027 0.0690909090909091 0.083617747440273
0 0.381212121212121 0.553754266211604 0.0666666666666667 0.100682593856655
0 0.420606060606061 0.680034129692833 0.0775757575757576 0.100682593856655
0 0.221818181818182 0.431740614334471 0.063030303030303 0.0853242320819113
0 0.291515151515152 0.422354948805461 0.0690909090909091 0.0870307167235495
0 0.259393939393939 0.639931740614334 0.0678787878787879 0.0887372013651877
0 0.314545454545455 0.705631399317406 0.0642424242424242 0.0938566552901024