0 0.240606060606061 0.229522184300341 0.0715151515151515 0.0972696245733788
0 0.338181818181818 0.284982935153584 0.0824242424242424 0.102389078498294
0 0.424848484848485 0.185153583617747 0.0860606060606061 0.0904436860068259
0 0.525454545454546 0.252559726962457 0.0787878787878788 0.0921501706484642
0 0.447272727272727 0.345563139931741 0.0727272727272727 0.083617747440273
0 0.64 0.343856655290102 0.126060606060606 0.145051194539249
0 0.224242424242424 0.426621160409556 0.0727272727272727 0.0989761092150171
0 0.29030303030303 0.421501706484642 0.0642424242424242 0.0989761092150171
0 0.459393939393939 0.484641638225256 0.0460606060606061 0.0648464163822526
0 0.50969696969697 0.445392491467577 0.0472727272727273 0.0750853242320819
0 0.58 0.485494880546075 0.0666666666666667 0.0972696245733788
0 0.661212121212121 0.563993174061433 0.0812121212121212 0.107508532423208
0 0.536969696969697 0.606655290102389 0.0678787878787879 0.0938566552901024
0 0.604242424242424 0.677474402730375 0.0690909090909091 0.116040955631399
0 0.384242424242424 0.556313993174061 0.0654545454545455 0.0989761092150171
0 0.424848484848485 0.680887372013652 0.0812121212121212 0.112627986348123
0 0.268484848484848 0.639931740614334 0.0618181818181818 0.0853242320819113
0 0.314545454545455 0.708191126279863 0.0666666666666667 0.0921501706484642