0 0.239393939393939 0.226962457337884 0.0690909090909091 0.0955631399317406
0 0.32969696969697 0.283276450511945 0.0703030303030303 0.0955631399317406
0 0.223636363636364 0.430887372013652 0.0593939393939394 0.0904436860068259
0 0.29030303030303 0.424061433447099 0.0666666666666667 0.0972696245733788
0 0.260606060606061 0.64419795221843 0.063030303030303 0.0904436860068259
0 0.313333333333333 0.709044368600683 0.0593939393939394 0.083617747440273
0 0.373939393939394 0.555460750853242 0.0715151515151515 0.0938566552901024
0 0.417575757575758 0.690273037542662 0.0739393939393939 0.100682593856655
0 0.417575757575758 0.186860068259386 0.0690909090909091 0.104095563139932
0 0.525454545454546 0.247440273037543 0.0715151515151515 0.102389078498294
0 0.447272727272727 0.343003412969283 0.0727272727272727 0.0989761092150171
0 0.450909090909091 0.49061433447099 0.0460606060606061 0.0597269624573379
0 0.504848484848485 0.448805460750853 0.0545454545454545 0.0716723549488055
0 0.630909090909091 0.348122866894198 0.112727272727273 0.16382252559727
0 0.575757575757576 0.485494880546075 0.0703030303030303 0.0938566552901024
0 0.525454545454546 0.609215017064846 0.0690909090909091 0.0887372013651877
0 0.594545454545455 0.677474402730375 0.0690909090909091 0.0955631399317406
0 0.654545454545455 0.560580204778157 0.0824242424242424 0.110921501706485