0 0.214545454545455 0.16382252559727 0.0703030303030303 0.102389078498294
0 0.346060606060606 0.0622866894197952 0.100606060606061 0.117747440273038
0 0.435757575757576 0.0887372013651877 0.0739393939393939 0.0989761092150171
0 0.524848484848485 0.175767918088737 0.0751515151515152 0.0921501706484642
0 0.616363636363636 0.103242320819113 0.0909090909090909 0.110921501706485
0 0.681818181818182 0.190273037542662 0.0739393939393939 0.0972696245733788
0 0.803636363636364 0.176621160409556 0.0848484848484849 0.104095563139932
0 0.343030303030303 0.261092150170648 0.133333333333333 0.16382252559727
0 0.463636363636364 0.245733788395904 0.0739393939393939 0.0955631399317406
0 0.611515151515152 0.278156996587031 0.0787878787878788 0.0989761092150171
0 0.704242424242424 0.314846416382253 0.0751515151515152 0.0972696245733788
0 0.801212121212121 0.407849829351536 0.0921212121212121 0.116040955631399
0 0.63030303030303 0.395051194539249 0.0703030303030303 0.0972696245733788
0 0.540606060606061 0.339590443686007 0.0727272727272727 0.0989761092150171
0 0.464242424242424 0.343856655290102 0.08 0.107508532423208
0 0.253333333333333 0.397610921501707 0.0727272727272727 0.10580204778157
0 0.392727272727273 0.434300341296928 0.0848484848484849 0.12457337883959
0 0.469090909090909 0.465017064846416 0.0654545454545455 0.104095563139932
0 0.560606060606061 0.489761092150171 0.0884848484848485 0.112627986348123
0 0.662424242424242 0.505972696245734 0.0909090909090909 0.107508532423208
0 0.808484848484848 0.541808873720137 0.0921212121212121 0.127986348122867
0 0.173333333333333 0.486348122866894 0.08 0.10580204778157
0 0.326060606060606 0.559726962457338 0.101818181818182 0.143344709897611
0 0.43030303030303 0.587030716723549 0.0872727272727273 0.126279863481229
0 0.529090909090909 0.598122866894198 0.0763636363636364 0.104095563139932
0 0.637575757575758 0.630546075085324 0.0727272727272727 0.107508532423208
0 0.74 0.709044368600683 0.0715151515151515 0.114334470989761
0 0.700606060606061 0.811433447098976 0.08 0.104095563139932
0 0.605454545454545 0.781569965870307 0.0715151515151515 0.0955631399317406
0 0.499393939393939 0.745733788395904 0.0678787878787879 0.10580204778157
0 0.373333333333333 0.723549488054608 0.0775757575757576 0.109215017064846
0 0.281212121212121 0.662969283276451 0.0848484848484849 0.114334470989761
0 0.183030303030303 0.611774744027304 0.0703030303030303 0.114334470989761
0 0.240606060606061 0.787542662116041 0.0739393939393939 0.107508532423208
0 0.424242424242424 0.831058020477816 0.063030303030303 0.0989761092150171
0 0.514545454545455 0.871160409556314 0.0787878787878788 0.104095563139932
0 0.327272727272727 0.857508532423208 0.101818181818182 0.13481228668942