0 0.237575757575758 0.23037542662116 0.0751515151515152 0.112627986348123
0 0.339393939393939 0.280716723549488 0.0751515151515152 0.100682593856655
0 0.423636363636364 0.1919795221843 0.0812121212121212 0.104095563139932
0 0.527878787878788 0.244880546075085 0.0836363636363636 0.100682593856655
0 0.632121212121212 0.341296928327645 0.12 0.16382252559727
0 0.454545454545455 0.343856655290102 0.0751515151515152 0.0870307167235495
0 0.221818181818182 0.429180887372014 0.063030303030303 0.0938566552901024
0 0.292727272727273 0.424061433447099 0.0715151515151515 0.100682593856655
0 0.263030303030303 0.639931740614334 0.0654545454545455 0.0955631399317406
0 0.314545454545455 0.705631399317406 0.0593939393939394 0.0972696245733788
0 0.379393939393939 0.557167235494881 0.0727272727272727 0.104095563139932
0 0.421212121212121 0.683447098976109 0.0860606060606061 0.117747440273038
0 0.453333333333333 0.483788395904437 0.0436363636363636 0.0699658703071672
0 0.506060606060606 0.445392491467577 0.0545454545454545 0.0716723549488055
0 0.575757575757576 0.477815699658703 0.0678787878787879 0.109215017064846
0 0.527878787878788 0.604948805460751 0.0690909090909091 0.100682593856655
0 0.596969696969697 0.674061433447099 0.0715151515151515 0.109215017064846
0 0.656363636363636 0.560580204778157 0.0787878787878788 0.104095563139932