0 0.244848484848485 0.226962457337884 0.0775757575757576 0.112627986348123
0 0.338787878787879 0.284129692832765 0.0836363636363636 0.104095563139932
0 0.421818181818182 0.18259385665529 0.0824242424242424 0.0989761092150171
0 0.527272727272727 0.249146757679181 0.0727272727272727 0.0921501706484642
0 0.452727272727273 0.347269624573379 0.0715151515151515 0.0972696245733788
0 0.638787878787879 0.345563139931741 0.123636363636364 0.158703071672355
0 0.226060606060606 0.424914675767918 0.056969696969697 0.0784982935153584
0 0.292121212121212 0.422354948805461 0.063030303030303 0.0938566552901024
0 0.455757575757576 0.488054607508532 0.0509090909090909 0.0648464163822526
0 0.507878787878788 0.45221843003413 0.0533333333333333 0.0716723549488055
0 0.578787878787879 0.482935153583618 0.0690909090909091 0.0955631399317406
0 0.655757575757576 0.557167235494881 0.0751515151515152 0.100682593856655
0 0.606060606060606 0.680887372013652 0.0775757575757576 0.102389078498294
0 0.531515151515152 0.611774744027304 0.0763636363636364 0.0938566552901024
0 0.381212121212121 0.558873720136519 0.0787878787878788 0.0972696245733788
0 0.423030303030303 0.685153583617747 0.0848484848484849 0.104095563139932
0 0.261818181818182 0.642491467576792 0.0654545454545455 0.083617747440273
0 0.314545454545455 0.706484641638225 0.0715151515151515 0.0921501706484642