0 0.320606060606061 0.257679180887372 0.0787878787878788 0.0989761092150171
0 0.285454545454545 0.406143344709898 0.0836363636363636 0.112627986348123
0 0.367878787878788 0.417235494880546 0.0715151515151515 0.0904436860068259
0 0.379393939393939 0.185153583617747 0.0872727272727273 0.104095563139932
0 0.464242424242424 0.171501706484642 0.0824242424242424 0.107508532423208
0 0.556363636363636 0.132252559726962 0.0703030303030303 0.0904436860068259
0 0.6 0.241467576791809 0.0727272727272727 0.0938566552901024
0 0.683030303030303 0.147610921501706 0.0763636363636364 0.0938566552901024
0 0.526060606060606 0.363481228668942 0.08 0.112627986348123
0 0.64 0.405290102389078 0.0727272727272727 0.100682593856655
0 0.720606060606061 0.358361774744027 0.0763636363636364 0.0955631399317406
0 0.288484848484849 0.667235494880546 0.096969696969697 0.119453924914676
0 0.426666666666667 0.588737201365188 0.0727272727272727 0.0989761092150171
0 0.547272727272727 0.530716723549488 0.0787878787878788 0.0955631399317406
0 0.650909090909091 0.643344709897611 0.08 0.0853242320819113
0 0.535151515151515 0.672354948805461 0.0739393939393939 0.0989761092150171
0 0.469090909090909 0.772184300341297 0.08 0.100682593856655
0 0.812727272727273 0.798634812286689 0.0836363636363636 0.109215017064846