0 0.314545454545455 0.250853242320819 0.0690909090909091 0.0955631399317406
0 0.379393939393939 0.176621160409556 0.0872727272727273 0.114334470989761
0 0.466060606060606 0.168088737201365 0.0812121212121212 0.121160409556314
0 0.562424242424242 0.132252559726962 0.0751515151515152 0.100682593856655
0 0.603636363636364 0.238907849829352 0.0727272727272727 0.102389078498294
0 0.68 0.145051194539249 0.08 0.10580204778157
0 0.716969696969697 0.363481228668942 0.0787878787878788 0.10580204778157
0 0.639393939393939 0.412116040955631 0.0690909090909091 0.0972696245733788
0 0.523636363636364 0.351535836177474 0.0824242424242424 0.0989761092150171
0 0.369090909090909 0.409556313993174 0.0787878787878788 0.0989761092150171
0 0.287272727272727 0.401023890784983 0.0727272727272727 0.102389078498294
0 0.287878787878788 0.667235494880546 0.11030303030303 0.129692832764505
0 0.427878787878788 0.584470989761092 0.0751515151515152 0.0904436860068259
0 0.546060606060606 0.529863481228669 0.0690909090909091 0.0870307167235495
0 0.535757575757576 0.670648464163823 0.0872727272727273 0.102389078498294
0 0.652121212121212 0.639931740614334 0.08 0.102389078498294
0 0.469090909090909 0.768771331058021 0.0751515151515152 0.0972696245733788
0 0.81030303030303 0.796075085324232 0.0715151515151515 0.104095563139932